mapname,filesize,filesize_bz2,sha1,note
bhop_eco_zones,26297369,6854797,7d8b9c5497d0b3583828e4db3fb2c1b854e44671,
bhop_edocsil,8611150,3376290,e1a705ade14252b8053aff8c55831ad4e556e303,
bhop_ego,6580557,462878,1307f5e8a60c97087f1c9aba8a91e08493778be6,
bhop_egoist,6389763,516621,87b4f5103ede257adca0003e6aa2587dcd00f865,
bhop_egypt,10453215,5564828,9313c22db02b81689caa7adee894a3391a3b21b9,
bhop_egyptiantemple,23118112,16792890,8ec496d8999805d8bfbc21d7558ca6363b93b97b,
bhop_egyptian_balls,8687258,2540303,41bfb62d81140bcfbda218c9980998705135a7b7,
bhop_egyptian_hall,34435172,16169506,217ceabc159aca4f34090c0457cea364f01bafea,
bhop_egyptian_pickle_css,14725401,6021611,cde60adf3ca03aebca853ac0fe94373ee472f798,
bhop_egypt_evening,9229727,3194866,19ff1bfe20745436d53406b7607ada869f277bfd,
bhop_eject,52085528,16252344,12e7123b86b210e47bc57d787806720e85276179,
bhop_elate,106336950,66753212,2f2fa5c853ff956759cc393f59668891f0862a3c,
bhop_elegant,3307634,869956,f69fe9c9b65bdcc295f26db40cab3b8685f3bbe0,
bhop_elevate,35249722,24512542,a9b91e15a0c3015724d0948c69dd960fb7a2ebcd,
bhop_eman_on,61002077,43090999,89db939ab9e3048e5a0d6cc3b800fba4adc8f064,
bhop_emevaelx,32393453,5136041,bf0e920c1376ba1d68fa0d84f1090bf11ab1f516,
bhop_emevaelx2,34437718,7673384,e78abd6809ca8faf71927c25cb1b761439d14933,
bhop_emevaelx3,46474709,8409605,6f456a9fc315194eb630e997cc93f02e20c9bce4,
bhop_empty_eyes,72098662,43376248,7b0adad97970e9867e7a95b9d1d6441281d17e13,
bhop_enigma,35844968,27228228,a0f4bda03f077c742bc82699620a6a389fcd21c0,
bhop_enigma2,44457846,20812981,6b98b9ed8baa95e8db94d0a1a6b322390a221aab,
bhop_enlightened,126155358,74105877,8705485745c618164a0b94e8110782d5c53dc6c6,
bhop_enmity_beta3,56631058,37361223,d37b6b1b8ada10a31c13587bd65616f8ce1034cf,
bhop_eosin,20840402,8389524,cb73e3f917c80b37cbeea24ef04e9e34079e580a,
bhop_epiphany,93524240,52774673,f2e9e1c62603f460ad2fc6d316297ca8a9fecda1,
bhop_epoch,22168525,5438391,f507694a40efe94fbe619933946dacfb225e44bc,
bhop_equilibre,7021840,2120498,cec41b59d458bf2c75027ee9a770b020b1f0c761,
bhop_equinox,43728377,43896385,de0df03487b41fc80769fcc38c07be956f80791b,
bhop_eskay,22847590,8844299,1138f6c860298bdb125cac217e0c78b65e3445cd,
bhop_esther,80679777,47534370,92ab57a4d8061840fe807a74df6f544be172cb63,
bhop_eu_v2,52645942,7245248,88405fef61e80faad32743973c30c766ba706411,
bhop_everest,4247904,218636,b26d83e53869a4d80a8ed76860133357420dd61f,
bhop_everest_v2,9761672,502871,901b85e1acea32d5f88ef96fcb9ae84c89e733aa,
bhop_evo_fix,6754701,1574667,07fffbaf9f4e31c14eccb18a8fff04883887b0fc,
bhop_exanimo,231689410,105065588,21f36703124f32f14b698d9e8956b960543065ba,
bhop_exceptional,33408382,4378688,0636448e4c73ebadbd45eb83ca6d04d8bc6a4ea5,
bhop_exiled,92670381,38129522,40996f0517a1e5abfd53ccf3f589070fab52ae22,
bhop_exodus_fix,128208851,70241665,fac5bac7cf710bf3d0c2f05f1cbfff2609f0235e,
bhop_exordium,76537746,34483986,3f7fa7fa38d32801e1b76feeb06bd7ead897e4fd,
bhop_experience,279621067,131799396,11ea829f115fb021292de3139b3c728f1105e2c8,
bhop_exquisite,23892524,8849851,ea6d4f107575f64227d8cf3a1046d5e8109ab60a,
bhop_extan,31141736,17447055,844ce532342628a50aa7e0fd2542d00d5d4f1acf,
bhop_ext_kool_06,10680041,4092447,d68b1fa130fef9dbbf8f60925bc8366e976a056c,
bhop_ex_terrorlong,5030029,1799399,3ffc9b91f8667025d44d38b01d86d5f513a0c9f2,
bhop_factory_v2,26353720,7588329,c7a0b427e56007a19444832bf50549ceb53b4b65,
bhop_fairworld_beta1,4702496,1626534,ed21f155e598a75f63d40127609b9b8b43a3f19a,
bhop_faith_fix,44804491,20698123,7370849d16cbbced02765b147d7ceea0fad5d7cd,
bhop_fakeit_v1,4118660,951935,e622a0a7465a58e7a6f2c235cd20148ba3ba1819,
bhop_farver,16521155,5440599,4a6c4a7e89cc31f695e429fe52d57da320330a3f,
bhop_fauxie,28248246,28341058,544b7dc528492bab0fdae366f7554b83de8ec02d,
bhop_femto_strafe,9877536,2465393,12e5cc2c558eb91ff6240d7323857cd3a38d9811,
bhop_ffvii_mako_reactor_v2,68007372,31977231,1432fd47741b81c21610d42e32e8118968a6c690,
bhop_filter_fix,36312998,10044936,9b70c8f24f20d927a8f9f55f5793b7557caf877c,
bhop_fishey_v3,5838988,2504753,737e406e4c2ca65c3f2ac8ae5f3293521b9ff638,
bhop_fixitxD (1),6585183,596118,1b970ca7cbfa09722890412a339b6b66073bb874,
bhop_fixitxd,6585183,596118,1b970ca7cbfa09722890412a339b6b66073bb874,
bhop_flashbacks,69319002,30000155,c1474be275cae4a4878ea3a44321cb1ddc219ee5,
bhop_flatzone,60466837,49965880,728ffcbf6e66156b22284cf2e914e23730b60e6b,
bhop_flatzone2,7345890,2744596,81cb56cdc8c36c38efd040dc4f21a9fc0cca3dfd,
bhop_flavum,6227143,2599786,d150b8a81d1e50eb427cb6bbeec93ae4a403e58c,
bhop_flocci,102586089,54912978,a0e621dcebfee5d27f8439a1de849fabbd6bb188,
bhop_floccidrift,204512670,123879553,c874fcdbd6b9c9c7ee6129dae772bf72985bf7b7,
bhop_flow_v2,15054184,8415365,77b573072d76c79bda2e204717872ebaa0e40ee8,
bhop_fluffyshy,7480882,1074997,8eeb9c91541d3a801d93a2e8b20a5ae0a2b52862,
bhop_flyflex,16363087,6827285,0213e55baf59ed0d36607f41990754d890586cae,
bhop_flyingcolors,6253465,2627682,bec90b93cc12b8f6195253bd72c8db655877d06b,
bhop_flying_rabbits_css,1724020,694927,74eb1a186dbd3c8ad8e178627d7124c3800a2e89,
bhop_fly_care,33713467,10259713,cfa06a82a2b231689f8ccd8f57e0c2993a0c26d2,
bhop_fly_fracture,40745639,22682513,9f308a731776c2091ab2bd9c42fa604bfc5bd0e5,
bhop_fly_lovers,17282464,5713968,f1a7899c2a68c8bafb376a6e0e5cc3696f8561b1,
bhop_focus,103533375,56915292,f85a6f41e9acb87daff44ef229c1026f26f713e9,
bhop_focus_v2,64141420,37614023,daf11b907f33fb88c4805c8aadfd990dc8a7f19d,
bhop_foggyday,18466442,5085636,14976593630f2f1949a9064720b43cb5f78264df,
bhop_foggyday_fix,22456016,6878643,96b78a92a7d74ffbc044982b016ce6047b1e2dc8,
bhop_foliage_fix_css,46684316,12958681,293599594e2b2ffcbdae8110cb9cdc37fcdab121,
bhop_fool_css,74443550,29681486,d6590debfc006584e27a5d39b55e7a7dffc6740e,
bhop_force,43422498,9932675,71df9af5db93b706ef3624d2c0c59119182314b4,
bhop_forest_v2,4073572,1517641,054e0fa841665effd3ee7c0861d414937cab6b63,
bhop_foreverpcpie,35990280,4958737,e973b04821adc4d15049641557701c9e51802133,
bhop_forevertranslucent,15023624,2978978,91f71be62562e6e04ffc356cfb303ac3f091cf60,
bhop_forgotten,95688519,49403466,b02e73b675af5c7b930a8d193d3eb68dec411fd2,
bhop_forgotten2,73578057,49906619,a30220e81dd80c21b7563a9ef2ff4f4f49562b35,
bhop_forgotten_tomb,5766101,1290294,5a0230972220e55a96b0f3efda4ba24bd68e27cb,
bhop_forresttemple_beta,22791670,15235740,80c66caf6bb5976f7035e028ba5f070c922c4c8a,
bhop_forsame_final,62493947,45340540,0459fe92c3ed76997c266afc610049b3c7d8acb8,
bhop_forstrafe,38281300,15808158,85fb25bf39eade1b3fe2ffba8437485d96be5d9c,
bhop_fosi_unfinished,14785409,1609721,8667d3833c2639716447d3998d0195a528c2e831,
bhop_fps_max_sr,24744868,8416286,da9c2b12404c99039df44fa86bb196229135219e,
bhop_frankerz_999xl_extreme,48115983,18676438,e574a364074ee90b8f00d8a2a4645687319c8c51,
bhop_freakin,24303428,12811305,70558d1498a2307f60092b2527f8fef837ec5269,
bhop_FreedomPuppies (1),2456556,533627,f6ef0afb656638557a0d4932028f16dcef0f5888,
bhop_freedompuppies,2456556,533706,ae6b1dff2179a33aa70c8d8d0edb940f4fad5e6e,
bhop_freedompuppies_v2,29861033,20379973,9c6a7a4eae9539d0bbf52b3910009033448828c7,
bhop_fresh,26149040,14814400,36448671b5a167095e98c4c478b972a579b917b3,
bhop_frick,9089053,2918074,440a0252864523a53912e625e8eccd17e789a630,
bhop_friday_nite,13114564,2309979,2a198d6c1d4cb3cb8b658dbe897161daf2fedf72,
bhop_friendshipismagic,108624724,77217216,f0d27b1b27088250fbe504043b94ad0df954ca88,
bhop_friendsjump,84304613,30146155,0ec4b69fc85c55a03ae2fa49e47336384c400aad,
bhop_frosties_fix,63103306,36963658,b7989f288391f4992d405a9e721a266fe22abc5e,
bhop_frost_bite_v1a,9187764,3186968,9b589ecc810ef707ba75e34ca334ccd72b9ec457,
bhop_frozen,32434354,5908772,f62bcb624778863aa600353306726b1af6c961aa,
bhop_fruits2,216726365,100465434,097fb93bf1e7b45eab6eb98ffde7d26699afa554,
bhop_fuckdream_css,61677018,17792222,dd71123c87abaeed92fef983f02aa3e5321d6139,
bhop_fuckfear_fix,10303137,8560762,b731e72474910a870dee1702501d2489791a5802,
bhop_fuhria,70300421,11381032,c26fc3fe57e0299855d599ee3ece8ee03ca5df5e,
bhop_fuji,79601560,61156533,2fac77bdc6e41d196dbe9adab0e8fb8a764922b7,
bhop_funnel,8613682,4363910,3f519f8c50f5d41da84dcd146857fe016bc8dd6d,
bhop_funny_bunny,17690592,3556844,99cfd4c748a3fa2c73bb7edb444129fa73a0af6b,
bhop_funtimes_lq,48679204,23374677,74012bfd71c07fc27a76ee897319988ad7284dab,
bhop_fur,48561269,7178291,d030e59063dc21cdf650927af69572c98658d295,
bhop_furret,22822410,22838376,74b880c3a3cacdda7996d45b153e67bf6008c013,
bhop_fury,51426584,31383320,b984b26e1a7475078fa1b37e0ece991b3dee609b,
bhop_fury_2,96062009,52816097,50fd308e9fa2b1aa6ed4793219901653f76ca643,
bhop_futile,30794448,11684993,712cd2397f449434b8bf5001c3f9c8c43683a70d,
bhop_future_city_css,40645456,15077393,8b161dc9acd82d7473811c7daad94648b44552a6,
bhop_fy,11991478,2530475,78c5eafd8923c9838b54b04ded6246b72b4bf918,
bhop_galaxy,9739136,3309482,6d17b05375ca3c488ffb9ce47782daa06984617f,
bhop_gateway,22184690,10755313,f2069bf772ec8105cd2c7330fba90e60c599e4e6,
bhop_geometrymadness,73090620,23414225,91d4e39203f41c67669e9fdec39448bbf51460ee,
bhop_getgo,29095955,10975573,89ac030fe593730f9efa0dbbebaf9920f3e21797,
bhop_gismo_fix2,8746242,4780376,1aa09533f22c73c68bebb5a05e1891de37ecd2ce,
bhop_glassy,29882273,5312927,f4f7f4b86f5cf4e1b48f3c286973a73a75f42e0a,
bhop_global,3130464,1101592,191f342b519be52e4f455012be5444d3e4a6d954,
bhop_gloomy,12093766,3538898,f3284b0f8ac48e13a4bb5b329aed17c25f1b82f4,
bhop_gloomylight,26687784,4985039,b06aa9d6170aa8bf0d3c56eae2a0c9505f3778bd,
bhop_glxy,37171029,8767009,3180893265563a71ba6c931379c05cbf31349385,
bhop_godlike5,48137672,21784389,3c9b46fb876098e19415ee809e7a9825153cb15c,
bhop_gofuckyourself,12465621,5000816,4fc3dcc3d5cce7aed3e51bcb54b80a931b3cf5a9,
bhop_goldsrc,66070079,26976892,971b98b90900a44ffded5c07b5b6ab2eaeb400ba,
bhop_goldsrc2,51152992,19767792,fe17abc239b1256f122540009cdbc1f463993ab5,
bhop_gonnatry,30951267,26199474,beb3ad080d7ed7618730763653925e2c815b0ac9,
bhop_good_freedompuppies,60279692,19496644,f6cc3540cee3d7490cb6db47e5fa75ae8acce7e7,
bhop_gottagofaster,19161404,6648948,1b7566bd189b8ce82514510e178ede800330ec2a,
bhop_grandex_galaxy_v2,70626432,27195308,080047fb113999dd1120781b34e735f5dc93d8e2,
bhop_grapefruit,39468666,8775621,4354d059bd06230560788c2802115ef1786cbdb1,
bhop_grassyass,2081777,805570,59de1b5f095185aa2286654fddf7a66cff849597,
bhop_gravityfun,12429813,3174054,274e5615350401f3d0b8d4b4805325ebaaec2eeb,
bhop_graymanufactured_beta,12714960,1400969,cf7a854794da15fad93e401a99b76335eef8e97d,
bhop_grayshit,3473476,1319527,26c1100d9e36d9088551463addee27142c24ce54,
bhop_great_unknown,34810644,13192501,6594c79bf33c62a657d8f6e68c93705603a9dff4,
bhop_greengl0w,21109749,8716378,e553ee561cf4979c81cbe0bc550fee3e991dc047,
bhop_greenglow,13974864,4157296,f3d9a96d6e102971a942b62aca05b550b18c5412,
bhop_greenhouse,14649692,2759092,77ac3d7c0b127c3dba97b9e03cd8cf9c83dc5bc4,
bhop_greenrace_fix,27100173,8777963,acc5ba74d4a4fe61d4b287803b2c932be4666194,
bhop_greenroom,67682289,49084490,964573527cf7211c85e3454530f93db6707ab6ca,
bhop_greenshit,2442892,1287668,2a03a7a837c3adc321ed9d19741143021967b20f,
bhop_green_fixx,3476807,706922,b3fab4b2ba885cb1df1a108e0e7265db33b87f17,
bhop_green_shade,18211706,6135745,17146c431ccfcdd09525d463d2268c638cc00fbf,
bhop_greystuff_fix,29412184,6545136,655aaa985fe9ed096c461a3b0749132d58ef0b39,
bhop_grid2,10136327,2899963,262d726889b790e6600a97dcad34cea5c8bf6297,
bhop_gridust_final,4272632,699109,5667036a7e3ed22b080e336d0afcb250f3409ce4,
bhop_grid_easy,3306455,693076,c8e090029ce62095c7ba1bbba1c1c5f5b5232da4,
bhop_grid_tf2,75466107,60612771,179b32eb385a6fdff158320095be8eaf0700d243,
bhop_grove,13317877,6025558,b7651c30f27d8a4b70bdbf0f1c480139d9c190be,
bhop_gummo_fix,18515561,5052253,92f850335622fc059f6725d5d68277f12e8f176c,
bhop_gunoi,40798695,18643920,aca225128dba5a6d4787f6046b1b0230439b5777,
bhop_guwop,21133085,4729062,b9e4b288b0cabba3a02d631cbf2bf4a0433d350d,
bhop_gz3d1,35822299,14869059,dab0241c7eb8fa5944b43f8d1464884fab724b46,
bhop_haarukka,66011470,33208734,5d03bf655f18a60e25d7d0faa8a7835cc5e83c9b,
bhop_habibib,18547802,6100885,7d5d620969e1a665b4335f8b4c12f2e50fdbf104,
bhop_haddock,121204332,53368424,852c6743d2cfda5325734fd248fdc101349a69bb,
bhop_hades,14697753,7934286,ef3a33c8f00374f13506880f33a72fca9f8d811b,
bhop_hamel,29999745,8520080,7ee414fc1b11ca14a62e9bb94fff3b8a38de50d6,
bhop_hangtime2,47438530,26716704,a17322682a5599a5d031467d366dfd549203dd76,
bhop_hangtime2_fix,47466085,26762247,3e73f09124bc3de827140185391357a9cce00356,
bhop_hangtime_v1,56413412,20619585,76a46bc9614b5a7fc68b116938a2b1d40fca41d0,
bhop_happy_killa,6866755,3082431,c261e5f0662e09767d641d455a42ea91d91c3a2a,
bhop_harmony,108929002,82947225,f9cd8015caf383002570cc4b3ea9f6e43c9122a6,
bhop_hathor,24504803,6328347,8307f7e51538dd686608ae910565616796882e43,
bhop_haunt,53252100,32604688,0624024637f6e4eac67f14d2e89174286c1ded0e,
bhop_hbgay,79543056,58682385,5ef27c0d26082dfd41b40f27a7f4c0e9d434d71a,
bhop_hb_cd_final,24919630,10813275,d3dc6ad93bf4d04af57511e8046ec51dd14132fb,
bhop_hb_zzz,5546795,2368894,24820d35e10dbe5fad44f641ae2d3f142f6461e5,
bhop_heck,37223274,18620509,3429de05ebe12e2ac1c05201a697a21d29ab0716,
bhop_helios_fix,62535544,27339471,f527a76d4497bfc6e7ca5d05eb105b172582f764,
bhop_hell,72231808,42838956,080de55cd6c01b75c8e0d02fb7f67eae82c1dc9d,
bhop_hellokitty,14050916,5561419,801889b14adbbdec68a82e9f05cb2ea7f6dcf853,
bhop_helvete,7063120,2050154,89f5cbaa6502c355003f8c5ff19540771d341b89,
bhop_helvete2,76446208,20335803,b783831bbe3fc9ebe03bd1cbcc2e9df654d4ce15,
bhop_helvete2_redux,70396532,24688467,621bac06b1d7304400dd04b0865e91dfe138acfb,
bhop_helvetti_b3,8418241,1240203,4e2b8f36ef4dc68de7817cbd2f1d117ae71efb27,
bhop_hexag0n_cool,65481256,20825851,d4b3b6f4ad0b9dc423939e8dd76595a52b6bd6ff,
bhop_hextra-f,71774509,26686226,189f7292962d84a2c9591e6b6d8b9b63b912094f,
bhop_hextra,164882821,61973994,2d89c121cc05eaae8b135e3e5539a1f7051ef579,
bhop_hfr_apex_v3,6788013,2051230,233395deec13a848ce140f63f8b31863ce4f871b,
bhop_highfly,8830506,3637522,f360f52a9c7b61dd1bef370e6d375bd0077415b8,
bhop_hikari,40636772,14573252,8c5f13a25464c1a53fa73b6c9ce1c1c401bb90cf,
bhop_hiraeth,18436817,4622124,e8f950a5246b208bb47284daedcacf47c1f3d524,
bhop_hitetsocanihavemapperrole,66717645,21623822,a69498f109b8fe0e57abbdc4cc476a496e0ffb11,
bhop_hive,41249188,18154393,058d5c30517094fae4f00cc4eafb4ea0764f2a6f,
bhop_hmm_brighter,5663155,1341047,95fccacac11318d0c99ab272329c63a68f659ca3,
bhop_holiday,31765370,10236476,7107c558cc88fe34ed3be5cd79f2d7c32ca5c4cc,
bhop_hologram2_full,133899150,64674853,d81395f5c42673a05a2bc0e8180226950f460c7d,
bhop_honey,6912359,1459351,d1142b1aed133327f0ec46dd96466069a4402b77,
bhop_hoover,26738228,17594035,70955883c277a5b0d0bbeb482e8ab0eaddda8cd5,
bhop_hopi_noproblem_v1,15333185,10155379,59cab34ae5575c258194da2dc71733df33cd3963,
bhop_horoshopokakal,35111562,8444518,0bc8abd2813fad20625049eb0714fa64fe7fa059,
bhop_horseshit_1,19198252,8800781,69df62e4029879bb7922863251a77c83b2feb653,
bhop_horseshit_14,52105056,12691217,508c13fd58f3c43fbe760fe7e237971afb63a38a,
bhop_horseshit_2,24580104,9892476,fd82909df38a48388ff5b7a24b82493429c56197,
bhop_horseshit_3,12435350,2409183,00245b3c47ea5a7a31629bbfd81ffbe40b5191f2,
bhop_horseshit_4,5440435,2376412,26d92dce820a43fb1747195e2a77a501ef1fa16f,
bhop_horseshit_5,7855333,2536184,2ee26481fcfdf73c9313931bdc1ee2174017199c,
bhop_horseshit_6,10653742,4470277,363372b2d249f7d32f65b2db48e55175fc16b5ec,
bhop_horseshit_7,8390409,2990463,39d794ef93bae01603866ad6c3baf40bb20ae154,
bhop_house,35214089,17297943,cdd63fe82870695357abaf237586bfce3b8d7383,
bhop_how2strafe,8390002,3185433,efe9fca00a2deda2f76ef07ba69a4fc74c9b678c,
bhop_huar2,3250132,1018805,06a8a79c85ea976662939e94ee9b408a3d5efe75,
bhop_hujasgoreldaun,32332111,9339204,6277c11dd26b0ef72d419893ebbe9a06a7752f44,
bhop_huni,8926436,2962825,2c5ffde9abcc992acee31018d3827161b9f3f14f,
bhop_hyperion,227870784,127706981,16561acde6b504885385e2da6d922004a8d9eb68,
bhop_h_box_v1,32173856,19949841,603bee7484b7883015cfa18ce666467e636fe7a5,
bhop_icebase,20548231,9931224,972a35c70ec414fe982386a9061215d41e04c927,
bhop_iconic,25145957,9987385,50b6e892aea852273328bb91dfcdd0f68f1615af,
bhop_icosa,16437518,4584666,95298578c3d4cf96bad82054acba6ba3c292b2d9,
bhop_idiosyncrasy,79432950,37331531,a9e2f56dca89902e8dc060593e4eade149dd780d,
bhop_idoneus,118281116,40670430,39c9b83107ec6ceccb9c3ec2de10b7938719903d,
bhop_ier1hiseder_v2,34027489,6766859,2300159953a06cd9817b8a3b39f392fa99f1cb03,
bhop_ihanvitunpaskamappi,88428806,44053202,4125a5df136f3d323f609cbdc741008603427e2e,
bhop_ihate_devmaps,24861286,8424680,716d86e3232bb5cdbbf2454be7218bb7c4fdc485,
bhop_ihavidunebinxd,4122715,1775812,ae0126b7e3cab2b71733115ff5fc90cf295cb0a4,
bhop_illiteracy,18935306,3864563,3dfcf0fee704d6eef5009c4a901696552f278f0d,
bhop_illusionary,64341103,48022743,96f1d4bebb87b5ff66a879f1c74b24c418ffe829,
bhop_ilove_devmaps,4250883,1566127,bea1f55013fc9336185f94cbe73b8fb1ad615871,
bhop_impatience,25183835,2793781,c728b818df35fc0ab1fc38497fe8a7637ebd5342,
bhop_impossible_fix,11153716,742366,be502ebd3156ad5c7c4b61b3118e8760ac6b4f84,
bhop_impulse,10346983,6895510,9febb9dec234b5a671de33cac7020cd77e4a9e62,
bhop_impulse_3xl,15022287,6271300,50257ec64b4e4495bd43f4e762306fba4d0374f6,
bhop_incek,4922463,1017381,2239898de11345a90a5f36e424db634014eea138,
bhop_inder_down,17027595,6160593,058551c55918c8bb891477047df196897c5972a8,
bhop_indest_beta,125789920,71494548,2a6e534a01ae0178aa50f8ce7143cdfa72e12e1e,
bhop_indev,7288755,2251936,b57564d2e0e3158ceaf376da535666221dfc06b5,
bhop_indistinct_css,208784445,158745682,d9299a58cfb8b6fa32551d7e072d027b9955ebdf,
bhop_indoorkart,9134440,3031490,bcac1806327643cbd5c361ad536b29ec1dd802ce,
bhop_infernoserz,46358941,18847186,f79d2405fd12ed3ebc1438dd0d66f11364d138b5,
bhop_infernum,9132568,3062984,1686516f97825da9b1e2c88e62e27c0c416d51b6,
bhop_infog,106644396,60014164,745417836984001bf1686baa4e0cea69650f65d1,
bhop_infog_final,116185307,69252870,763348612b203e7d4908b2452904e846ba764de7,
bhop_inhucraft_beta3,28729320,1960148,ac7909b8824d37f77b6d89acb9490bd91dd2db7f,
bhop_inky2_d,3785604,1056668,76fd652ec0757661d4598ecf3495ac235146d04e,
bhop_inmomentum_gfl_final,194891221,73920176,c9e5bcc55e5f1e6c8a89fcf6990d55f9ccf17e4a,
bhop_innovation,117604569,54749508,b8bbe4b5fbbea759e704668801aff7a1664caf7c,
bhop_insanelyserz,36696560,14699965,6ec84585cbf16ac053e98de25e2ffcdc181026d1,
bhop_inside_the_sun,17395280,11650800,71fc53dbbb91b743c6ca422cd64888a395bff838,
bhop_insomnia_final,68704081,41872460,67a6275ec53fdfb1486bf966621bc0e45663aeb8,
bhop_ins_axn_tooncastle,15391541,7632518,6babca574988552c0a868bb7df612acc6509c9d8,
bhop_inta,23459120,5898445,b3a7b819bcb8f4a7d3d1bdb04da4a0574fecbbc2,
bhop_interloper,137222296,84566719,7ad79a8118b709aa374c0df70ff292a4b4f88b38,
bhop_internetclub,82326117,63921286,a06dcee9d43334a4cc9c50f81eff6ed89a05e18e,
bhop_iqtest,25465352,9952580,ba3a43584c353fcdec3617b5a91958ed6967397a,
bhop_island_final,11685251,3950962,3ee742da04aba9d9e5c3e0d0bb838d073fc88f02,
bhop_it_gbr,34564669,25278564,fca28b7c1fdd1ca0aadc6c8b3af2fd9a0d20b139,
bhop_it_nine-up,39487975,12945118,174c54fc14edbc19ecbcb2499abc2722ce0cc30f,
bhop_it_somewhere,19029067,7595827,245914e28e0265f17985808d3baa1c875785fa06,
bhop_ivy_final,117920560,67120277,a43570446678aeb3ffbeb3cfa0efdcff5f01f5cc,
bhop_jae,5307154,1406211,1efb46048777bd8967a988cb869d18cd783920d1,
bhop_jalon,8192047,3524283,962e971c045b8e30b48e2f90acfd6c90cfc8cd39,
bhop_japan,158993239,67093812,aab3590198e35832aedfa1f946d16f33eb0fe1f5,
bhop_jastez,9557100,1845838,0ae24b6e7dd16f3505a71f4685c42bea53cf47e7,
bhop_jastez_v2,12213072,2871792,276bec07d73803cc5c34c597e7d327ee176ce5a0,
bhop_jegg,47169745,20499442,241ea67089088043e23baa23ecfdbc9b1143c2f7,
bhop_jegg2_fix,77611037,38321818,66b3e0eebe76f14f1dfe5d448a84f9fe5fd4f254,
bhop_jegypt,18956527,13576064,ddc605802f64dfde3019b330982bf3108fb0545f,
bhop_jellyfish,49918850,10052997,e2aa1435648e88101e724bde351ecd6e7ca38183,
bhop_jex,219263170,84262892,baab5c4b92bb98854090238fa05f4f57a643c375,
bhop_jierdas,5051600,1400971,a628d13b60c639d07d3f8237dce91ebb931f7ef7,
bhop_jisoo_cubev1,1317599,370984,afefb5a6c52915a645bc31696c966b1e33462e32,
bhop_jon_v1,16051687,4127936,9ee5ad297cff19477a11f59853c0abf46da8d7f3,
bhop_jouluuu,59839944,41956998,ddecc345f481fd93c2adbe41b07b3780d806f532,
bhop_jumalauta,46855437,20428209,9614bb0a81761aa2d5d320419e0843476c69ba86,
bhop_jungle3k,39475667,16802099,a3ec193ad9925179c90c144cf8b4bb59e362c3b6,
bhop_justbhop,29840888,13723530,3d939dd2ac46ba7ce78019a8ab01e6e9c60b3fc8,
bhop_jx,16936733,1945851,cd4574c4703201999de19cf3afbb5ababc7e17c3,
bhop_jx2,57388902,23782310,1e4cb765f20748091837c57d8599e08308bcceaf,
bhop_kaisa,53381641,12827377,cfe48fae18a5d064b13828e2d41f3697035b49ad,
bhop_kanto,43953630,19912813,d53aed642105831b8f18185e8f6ac623191cc71c,
bhop_kart,49491376,13575532,69c6a0c356a93f3c5b290e7579648a98261482d3,
bhop_kasvihuone,56499945,11129961,352c01c90c879e3f34f7cb520c8582dff429abd9,
bhop_kaunisnimi,43293938,30388928,2d42167421a862fc95011c972cc3f9fd87a9bcb3,
bhop_kaytra_fix,23947195,11216464,8b29dd680ba3b3c2620e5514bbddbc0210ac0d4d,
bhop_keksik,6719420,2073839,105b88b345388f3e57df394cb82e5626f1a1c9c7,
bhop_kerpele,10113703,5742717,f48b5fda58dd4ef368b0792decaaa50419553edd,
bhop_khonsu,48138024,16769965,a0e6f36323f2c9d4024380429d9d9767c6edf9e9,
bhop_khufu,21299355,8254223,9b6cbec6942e78f14fda18d10efdaca46970bbaf,
bhop_kinni,36044304,8355512,990114bd6df7ffbc0d603359a6ebc45801267157,
bhop_kitum,5214464,1972344,2d671ae3461ba84b642663d3afd4863ae75407bd,
bhop_kiwi_cwfx,8075525,3445658,1dacd63018cf1261e7edc74ed468d5de8ce45043,
bhop_kloom,24360183,6129869,00427f17d35317d6744338b7ce7733cb514300f6,
bhop_knox,50444948,16684535,d57da0942c9ab2bddf83ff213563bdf6d1d933b1,
bhop_koculor,4436902,1852383,7fee808ed4b9939337bd4c3b72a8bbd8c7e08ab7,
bhop_koloma,41511964,18315857,c497ead556c77da6ae9c8774028cc298861b1309,
bhop_kore,5179824,2026378,27ebcb7b2730fa154b2e9fb1fa78d74d12d98a96,
bhop_kotodama2,54130252,15792351,9c726e173a262bdbf774e40d99eec77bd994c9dc,
bhop_krakoonity,74379091,35388619,eae452e0a8f867818685a91ed455f2f2556d0514,
bhop_kuiva,35510308,10968192,48e9d40d1729e2d8af04420e7ab5fad4638b1908,
bhop_kuukkeli,68164315,30290706,2ec6854ebf6b9d5f2ce49750525b756154ab6c6d,
bhop_kuusipuu,29799409,14522443,8c5e8ab7b71640daef9ec938eafcdae98e3159d9,
bhop_kvo,19854614,8557012,40437e8bff47a217ff94915ecfc3adbdf193d268,
bhop_kz_experiment,14911707,5316924,52cb54bac8bf9db88911efcd18a376a73d890424,
bhop_kz_ocean,22401809,8890962,54320abef37df244cbecf49ed845e322307d1031,
bhop_kz_repeat,5090746,1693878,c436950e6a210943c6e93bb55830589468e5029f,
bhop_kz_sewer,37477644,12643366,665a026a5cd74c100735e7eabf5b8b9eba485360,
bhop_kz_sewer_ladderfix,56080421,16734237,eb4f7a0af376ad4b2375463e12dfc5af0c4778ef,
bhop_kz_tiles,82053638,21003218,dfc3d31d28e3a5efeea85bc01162868da7751d4a,
bhop_kz_tryhardkittenz_fix,49434931,32667920,8150b52f1036a9f41925802023a37e873d3672a7,
bhop_kz_volcano,34007821,16100406,c6093c3a69aecbdb036c48e52b14655ec704fa61,
bhop_kz_wtf,35529971,7841350,10857b9a5d1e572a7d7b78cd09b43deba0455d82,
bhop_kz_xmas,33024565,10595363,85c97260b03e31dfed94137d62677d82ce11ab95,
bhop_lagoon_v1,113651260,58182774,e90dbb16334b37c4ab533b49c3785a1f035631c0,
bhop_lahna,39615686,2567212,0ce1eb44832c46be006ae38f1c82b95ffdb311a6,
bhop_lahna2,21058031,9866817,b7fc9088cb0bf5cf37844a7b00c5099b5cdebc3a,
bhop_lahna3,13890190,4207582,7e26ba6815ded1ac2e4fdf9a4d2e3ce37486ef5e,
bhop_lambda,38063691,9960419,b21b3dfc3ddae3ba4a713cd7d3cd5c277a4c9ce7,
bhop_lamp,50269360,39971430,6e19d9f29585c9c8c3619909a82d421175c93660,
bhop_landmark4_css,15455106,3078874,515ce9fcdeb0b1c9668ea2a6ca8d99cc46d09e54,
bhop_land_x1,55472009,15703990,1a60374b1ecba12a29a19b66a9a7b7a3bb20e84b,
bhop_lapster,121337275,52486420,a92aaff60ccf02c052f9ed58c4b937c7bc53351a,
bhop_larena,14791152,4359602,6c9dd91a2b1bd3d46deb74942d75f2d0c222de27,
bhop_larena_nodoors,14779917,4359684,df5ee0fe31588fa64296abeffd57d78de7ca504a,
bhop_larena_strafe,19540640,5238001,f2908f09b3530233da9de6c6cb3d84b6f99afc4a,
bhop_lathuconcrete,4386818,1669791,05586fa850644254a246f46165607677375c0141,
bhop_lava_v2,10747794,3286804,23693c209856a66cd103b6ca69a19f7f790be51d,
bhop_leaf,81660536,24303067,08edf475e226bf702cf55f85c4505e6610b21db5,
bhop_leftoverpizza,8723864,1673466,1eecf0c3ea472b54ecea51841789d58b777390dc,
bhop_legco,12383978,3881670,38aab696e2ce011bc7e7683682033b7e86ac2918,
bhop_legenda_v2,19777231,6086888,d8b87939a1faa814d7d97d46b32aae6e5a48ac2e,
bhop_legion,17045716,4193815,5e44d5e4e1e68fa475c38f81369a86029e7df88a,
bhop_lego,52396686,22048420,bbabf9c9cb746b58b879c8f5b3c45e941da0a2de,
bhop_lego1nowait,7304808,2634719,a89056023f4e438a1ff85462c9bede816c066577,
bhop_lego2,97264707,49503563,4c25486c54dee067fb83f60c514dcd28183b99d5,
bhop_lego3,104324737,57879353,9446cbe0f2065f43bc29e735970508f6a623a993,
bhop_legoflix1_css,23299172,6579520,82275cf8aef8bedd057b93ecc337394e580c2562,
bhop_lego_journey,44888702,12176979,1db12be0a8ca89ddc50cf3380442f611fd26c708,
bhop_lego_rnm,46191251,17862297,0cbbda98d5ed1867c44d17a081137075e6166991,
bhop_lego_sup,25145189,5890418,6e95ca0594cbe32bf2bd39251b2caf3b6694dc07,
bhop_lego_zig,49275584,10034869,4e45d3f52b9a0be575c2d578cfdf50e0f0bdfdbb,
bhop_leios,10820453,3841274,dd836c6f4f6aa6b6e328a6410e2f92a3aed67763,
bhop_lemala,7225975,2790020,efb1092a8c752e5b02e2baf8daa6f8779562cc26,
bhop_lemin_fix,49015463,22754566,1cb07abe791febd8e8e474064aeef77e27632ee4,
bhop_lemon,11566182,1039369,21a6e06274bdf84eefb075519115911a1bfdcd46,
bhop_lessthandirt_a,2602700,1143536,9e05351298048160de3413ea6f73093addb4dd8c,
bhop_letour,24308378,11229445,005b7786c43f5d4229982476692c6d8b75c4265a,
bhop_lettu,84312756,32015989,88ce85a808b084f4fa4449d9e9a682886fea5dc3,
bhop_licityyoi,4905513,806233,4ac09bc24eb196dc8d862605b357f5bf97c1ce4d,
bhop_lifeless_x_middle_fix_v2,33859456,13141016,a51f8fb81964498d1174aa73f61d2580fee0a6d9,
bhop_life_beta1,41230311,12373702,d0dfa2eea44135796a39d099bced186265994468,
bhop_lightsout,4466832,1273113,8cbf154df0ba3e27dc679f8a2da10da3ba8a05f9,
bhop_limbo,137279376,85149502,a00186841f3cccd03cf0ec97308e752bf386a92e,
bhop_limit,81320764,35190315,4b13b6706d251c1fe8c8ddb1872b3770cee6d719,
bhop_linear_concrete,58422603,24773627,3cae0bf3b7c9b22d4e9554eca12e7821598305b2,
bhop_linear_concrete2,134569900,66827463,cae1f989cbc3632fa9abf5bdbd8086b7c5f57a89,
bhop_linear_dust,26206756,9671243,373d7ff06fedee00f2ceacbff62e5206d352358b,
bhop_linear_dust2,45029481,19402338,1e11d7ddf689c14f891cd4897c79179b4d038948,
bhop_linear_forest,72754996,27870845,4ffd00fc596eca2348af5b979bcf52f1519833cc,
bhop_linear_forest2,131948684,56719998,d1f8c0d95c71b58a198826eba2aae6f708cac2f8,
bhop_linear_gif,72608119,29289983,3d912d57c70e6a5120631d46fe28fdcb5795a3b7,
bhop_linear_gif2,120995771,39363895,0103f1fbdb48cdfec6ce539c8307e3434662b565,
bhop_linear_minimal,96877209,11617311,bc1949afbfddb3968ba37cefa4b5485c2ef3ef84,
bhop_lined,6224433,2718687,cda43e91daaf4db48926694c08dc6a3ac34ab3cb,
bhop_lm,9755584,2052116,837911e2244d0e1ae8d1bee4bfc79764ac3592a4,
bhop_lmnop,34213751,14391592,fed98f49bd13cdf105d3279d8979dbe8556e398d,
bhop_log_bram,10374722,2253242,ad74974f0e96e440c06ea30ad8c5c1617b86aee7,
bhop_lolamap_v2,25656209,10735454,3a0e59e9a73d8ca9ef8c0b33720019c0c0303bef,
bhop_look,59880500,17623200,435e1f27df2e89be1e06474bca06d4100325fa31,
bhop_lord_m4dara,67656155,40585104,985963499204fea93867ffd6f584c86c1afe943c,
bhop_lostchristmas_v2,37680398,20482036,3b83d4ed8e33063b64be1f65a57e8c514b4fbe64,
bhop_lost_temple,88915185,25076331,0e999ddc7b598f80acd46a8ce7f51baeba2d468f,
bhop_lost_tree,30315164,20656877,5278c5f83c02cad03fd5db3d39302212fd18a738,
bhop_lost_world,121088527,73054451,6e906ee30fddce2790c79cd47c0d8983c6710add,
bhop_lowg,12121030,2941653,f71b2a6999a4891f9a8903b7273124231d248bf8,
bhop_lubluebatsjavanal,107482192,24549347,c725f16731940a5b4276aaaa5f5119838d4327c2,
bhop_lunar,5160532,1977652,b8be6da3ffbc4451c090721ced3f9701ff0dfd7d,
bhop_lunti,8787630,1824252,e5d4941f66524c0aa13d49cb88c8a131a9850de7,
bhop_lush,68439652,34629187,9c509e0f69a7341ce27c9e8740b97bbb65d06f07,
bhop_m41n5tr34m,49039685,18596655,b2bf638945b19e99e7cc45490736ae271bf517d1,
bhop_m4dara_training,37512756,11321858,9e819bd092fef93bd46416ff6e7c54e6de0f2776,
bhop_mae,5410919,1008217,aaaaba06366038cc959e4fd7caf307dce897305f,
bhop_magic_cave,188632342,70415337,d972c005d96f60bbbabc4a2cd12dd26dbb79f9b5,
bhop_magnoir_css,10272105,2505026,ca4b99dd1f43f0a709cdff5ffdf71994b722dd80,
bhop_majestic,116512688,52245513,dbe5c69da039e2f2f5ea6cbb2fc8e0e2d3558a80,
bhop_maloa,3019512,844260,1905da11da0ee629460474ef80848ef86539b207,
bhop_manpoo,29587711,12402780,4b4dca3757afad9124b5e1bb2175380b133b192c,
bhop_marble,5058612,813908,26ea824d6277f7af05da7aef60fd1f6f930d0243,
bhop_mario_fxd,121391219,61166116,5b28ba4957de63113f1b987584a496f193a02957,
bhop_martha_stewart_v2,10730844,1820358,ec37518af28720518f4a6fed5e1ad99792352e00,
bhop_masterspike,22720190,16674296,c2ff520849c9190059cba60a63133fcff0fce269,
bhop_matans,14691693,1621011,cf97c996d78199bfff25fdc65d1ef5b914325152,
bhop_matemple_v1,18499237,4454486,e098d245dc0f84466bf248c00af8d0626b0742a4,
bhop_mcginis_fix,58220812,40044355,b725222210dba62b8f7a0654fb2def94ae4cbb89,
bhop_meaningless,78830488,32904648,5639a847538fae30a75e0a74dec5e7c5412cb96e,
bhop_measure_three,2741656,981574,ec9ac8a8d94722f9425beed4a80f52a0608ce3cf,
bhop_medusozoa,58574132,20112439,aff2b6f56d4d44129bcb8288dd1b40efbde420f3,
bhop_mega2910_beta,6297115,281872,0a3691313dd14f264739d876802f599960283698,
bhop_meiiko,45073590,7421340,4076d45aaabf341814eefc3a3a68d232fb2075a7,
bhop_melancholy,28858153,8867882,2b02fbe3af39f1bde12a3efcd5c66d7fee3bc093,
bhop_mellifluous,18305388,7921709,afd48faf1b02b4d1e8f2327bf7f9603c3e9a9ba5,
bhop_meme_v2,47926002,23071702,58ce57417a63c8de1a9abdd347080d98d7a13f0f,
bhop_memory,242061525,133519854,7d07f6b7c3ae185a5406fb2ffd7d2c31371ac54c,
bhop_merzy,109389821,55718260,5ca91f9c00a59d5ed241163aec7d2928a7b4f723,
bhop_messs_123,23710828,10389824,4ebf50887a6566a3cc8c8c1b577c012e63080515,
bhop_meta,4515060,1899597,4cd4abc6dc7d97a667a1448fc14cc27de0b74333,
bhop_metallic2,50024206,17605601,48405581bb27c9e0176bfd538f51bc108a004801,
bhop_metal_v2,10494396,2456934,804e5d45424dcc795fee6d97981dc27fe4eb723f,
bhop_metra,17237793,7256720,f2d3c4f28f52730cd7471c38ae95ccb7a23357f6,
bhop_metra2,43664814,17540013,974da9088e750d37fcb048647a6abc2da543ee22,
bhop_metric,5521640,2539294,6583474096a36f500fc75052a1ec3cb8cd0636ba,
bhop_microwave,9243718,2711307,f0bbf26a2f4d90fa4c8c4aaaa53333d65bf2635f,
bhop_midnight,90216068,21249962,71bf4a8f6882b96769bf7e91c43669f7ebfba336,
bhop_miku_v2,75766842,32316583,ea343c6474bfee15e7d2a61ff86916861e720314,
bhop_militia_v2,10267732,3302092,552ffd5ac9b5f90f6b0348416a3cc238c068c7fd,
bhop_mindfk,25321518,18401070,f11a04745169958688bd478f6e5ab55887fbaefb,
bhop_mine,97193040,60013649,0e03a3ee137e594456b95009904fc0be20eead56,
bhop_mirrorsedge_chpt1,36840356,17643785,3e7bbab7b94c1f338d7740a5360a01f12add265b,
bhop_mist_4,30052675,13043874,ff3bcb95fd1b47c1949024b6f1a14b164d3fe315,
bhop_mixanik,25055925,16586052,e02ef623f10b21917ddcc252f40fd80ccbc08831,
bhop_mixture_fix,165984005,55396246,a707737b085d684421ca3700e51648d42a971cfb,
bhop_mob,5882752,946554,9b168a02252d846aee8928f367d65e7a29056843,
bhop_molimentum_fix,152890247,21571623,e6e1d5ab9431e8d25f3618a7532bb966c33e90aa,
bhop_monolithic,10837591,1794181,1ab07126d386f3f23d2c95310cc963edc62b9f18,
bhop_monority,128508168,67560507,d6f8e9757ac2d75009c4b3c479476baec8c925a4,
bhop_monotonous,39499647,10919966,f9ccb55f26ea30edc2614b2cb2f76dc89b8d365c,
bhop_monotonous_jay_css,10395375,2694181,72e3f5186299eedaf4580787a9a5dc997650f6cc,
bhop_monster_beta,32499766,22403582,1b71f051d48f8f27b4475e821e85ed785efc0b54,
bhop_monster_jam,44732701,22356044,a347997376a2d2052554badd93422c9d54105bb2,
bhop_monster_jam_xc,68608699,34823440,1653652937e1d270cb1f1a070723b9373e8b7c63,
bhop_montague,36194220,12899368,beeeed6d9d50d8e1d8b9240a029efd8c506423e6,
bhop_montana_fix,8297370,2309094,6051b7abb17fb3bdd26032f6992f10082cb6298b,
bhop_monument_valley_2,49187321,8171215,c9a39293d168a100067f6f35ca07939e69058ccc,
bhop_mood,13381379,6744505,a3a4810a9bf6c53e9eeb1708115155299ae897a4,
bhop_moomymilkers,49105733,8999310,807d6c461790103d3b138ceb1d9f71650a3da03a,
bhop_moomymilkers4XXXXL_fix,53905487,8933284,aa6da9a8bf91b6ccf7b3bfc53aa1799136d920c3,
bhop_moonlight_beta,19041979,6414643,0e95bd9e44ddae6ea14fcea593617894bf0b853d,
bhop_morency,27653652,13745422,e6ff2ffc846c864355e466501fde30a8f2990d61,
bhop_morninginrome,100837579,41100240,c0f2d5513b5ad68527e7a91d804fab1df3df50a6,
bhop_morose,79748716,43539803,fa850e6597286ae1bb4624dbc2556d6b6d762ae8,
bhop_motionless,15853272,5448147,1c6f2f2628d04bb964af4672a56cae031c028abc,
bhop_mourning,10990470,2250370,0300d7e02031118e8e3622586f79d175422f42ae,
bhop_mp_stairs_hq_xl12,23520144,7440837,822f98bf9802ae5c8aa9a1fd40ed78d243439138,
bhop_mrslost_mine,61147116,13266756,92589bb18ef3a163c61c7d2dd17de82b79fc225d,
bhop_muchfast,72712723,14718300,f96b4b3f8372f732b84bd1a58386931f1978a4eb,
bhop_mult,49951941,17262515,8b1937e3b3ba034ead6da33a592d670b387bb1d3,
bhop_multijump_beta10,2740732,324746,f01f902bc03e7f928526cb1fe1399574e8e08897,
bhop_murder,49472289,24028816,cd5c6bcbb4075d902e0cfdebf52ba23a0da6d2d4,
bhop_museum_fix2,83250574,41004449,be7205ca1d80847d23b7014cb7d0c29d82e203a3,
bhop_mustapaska,61398270,20474587,104057a40adb391827735bc87ad2167e280c6298,
bhop_myp,9100363,2850710,0a23499bcef2f7bde47824eb1c35e7bb539298c4,
bhop_myyxtreme,12402524,7746224,8682c586e39707925b08a4c040bf08138ebfc2b6,
bhop_myztek,83731506,34413426,6137138e7031f0ad21384cf50e184e078994492f,
bhop_namastefixed,19565344,7023767,303c7a9d946cf2aa021f72fd8883516ceb75e187,
bhop_nameless,109685403,72856009,4617ea9c4a1da037aabd00283a288f614b47723c,
bhop_natthimmel,89342879,29756066,acee7c39b3212c53f13daa12594cab7e47f0573d,
bhop_nature,295222027,183533399,b8fd002cd261e2387ef2a9f0363407560befbbe6,
bhop_nebula_v1,209699596,72025770,c5d71e90621bef9cb686b8169be215366f97b88b,
bhop_needyou,13157092,1000954,d0d592053942781e8df6370d1ce21fa863e9196f,
bhop_neon_v2,24383218,6189888,0f0159e59d68f6aff0c544d605848df10ca0ae00,
bhop_neptune_lol,19678804,8054781,edf1ea15d62167017bd043e1246a766220803e4f,
bhop_neratop,10330710,3624354,b6fe4a10b470d8c5e701fb3fba4ab7a4c9269671,
bhop_nervosity_css,32904613,3029903,e1583d61ca38745d4908e3bff8ca159f869b22b7,
bhop_nevertranslucent,21008219,4952388,224a03a7eb0252b951cf35fcdeb31ced29b47e82,
bhop_newlvl,27856388,11074145,81d1798fd4adfff1d0fed6081afe0f9004ddbac6,
bhop_nexore,9686218,6593923,c82e0171c2cde8ada36913fae8ef307e5bdff3cd,
bhop_nextgen,37746841,13996346,527c4e6df85c07f2b02e353c75fb9a0d8a7cee98,
bhop_nightsky,9593624,2525075,67ea74c8f5e892e3bba6c57c070d971fc4cc3583,
bhop_nightsky_tf2,90594758,4237774,9f7e3b0870b19cf8ff3ab3059c70605a65ffabc7,
bhop_nightwatch,55446937,12242978,2f2b44cbc1627feaed340bc4c488776ef51fc202,
bhop_night_hop_new,9137731,3259574,55f4b6bdecac9ef616f33f4fca811b027bae8894,
bhop_nila,14275347,3393965,db76ec9d6968ea060e46e171f3b5a603b5b4f9d4,
bhop_nipple_fix,33636082,12855588,5d28f6ed9ff2d3ee6134cf6144fcad625496f6ed,
bhop_nm,3127397,427389,8965b0aaeaf0401091a81f54d52c06d365b9d643,
bhop_noeuclid,12247968,4916999,aeb5454e53b45807c4f5ca0b2484662308e40a78,
bhop_noeuclid_v2,58334344,16284457,23fef7c71b343f1fcb1725315ef24a9b5dc5f7fd,
bhop_nolimit,15821770,3355825,4071de9892996b67437a0abad4a63b479af34ac3,
bhop_nona,9657037,3718779,7bcbf647047bd1b35e5191443c5ed3b8c351e8b1,
bhop_noname,4788636,464682,1edd8c7acf591f55a9d48c4bcb3b292ea99f633e,
bhop_noninscripsit,11263537,3779845,27e780ac3e7c585145eb50f0023008de5f4580b6,
bhop_nono,12033891,5451356,b178bcea9c011b2ee85bf0ebe267f42ccd2ae3a8,
bhop_noob,2801872,296313,51e6641f6a9b386b23b16525324fee77f30e9298,
bhop_noobhop_exg,7182833,1580069,f9a2ae38ef15c2ee7095f43f779cbddf2917a7b1,
bhop_noobish_v2,2071321,779894,e50b056ad96d8f724c71695bc090f2dfd252378b,
bhop_not_a_defrag_map,5909586,904491,62d4013bc617691c194654018e6278729c508def,
bhop_not_crafting,28652088,3018115,bdee5ae5d74557441aa3d15ea4a38060ae44a7ef,
bhop_nowtranslucent,72610851,30286099,c032a881f2d4875779f72040faff02ae06b80ea2,
bhop_nuages,30970096,4677236,449a6c7c765af6443ca0dfe8cec836433ae4acde,
bhop_nubia,23493903,8944929,5a26be079cfd3bef0d7f816e0306376024242ed4,
bhop_nuclear,5166136,1333642,3b729d7e4d70c26997c16e40bebe6f26005eb8d8,
bhop_nukkumaanmenoaika,52716992,10076721,5c515d460f1ae7a370696b9b53017f48f20938fa,
bhop_null_fix2,56489815,33389556,40d203b08a6f28ae272e10ec24790caacf9cfb68,
bhop_null_v2,60784215,36121998,7efb58b8428051d53ea7e02eb229ac5385fa98fa,
bhop_nux,17963610,4824946,666c667467ff9b78e60a413b003e65506500c102,
bhop_nvm,11908256,1270520,c71582e5ea748277a9e0d2e9099abf664bf85c56,
bhop_nxo_strafe,7190506,4131034,b83bb1974b68974413c4516c2512160af1cfd35e,
bhop_nyrox,89847392,39229653,f8ee165c548f53c5a7afd8915bd332362eecc1ff,
bhop_ocarina,32446523,9873408,92dba1a407f3f9e9086f6fb70604499ad30e9f97,
bhop_ocean,39306613,20717850,17b44522f7e61dc4485a919e203b5e323f339002,
bhop_oceanic,329678784,171523191,1387d1a6c1f16839918bffefd415182e043f67c3,
bhop_offerline,39578174,5421310,baac4c9ea011ba940ae8f8d2b79435ded6b66327,
bhop_offerline2,42559835,6499460,37148bb8322f02891ca3237fd7ef39a78d84b3ca,
bhop_office_indoors,4270196,602415,2344f82f6683a0c7bdb9df6da4e326e37e03542f,
bhop_of_longest_v2,2779508,595305,9d969dcef856ea9b0f6cee123a83057b3542f10e,
bhop_ogel,12996497,7169439,7fab65b40bc047c1ebc72203884870e2dc00b587,
bhop_ogle,1968028,755356,50a30584e196f5adf2e7f61b17fdcdbd818a710c,
bhop_ohboy,140576183,46241913,a1d02c29de3e6c3e2b0c4e0304ccd1bc2980036f,
bhop_okaa,62009612,17790743,7e1d581d3c1e7b282fd98e1b24c90deb2f9deb0e,
bhop_oldbhop,11701948,1602519,29d300938f70724a32f0ebee3a79aed10572658c,
bhop_oldee_fixxx,14947128,5520387,9931a69ddae8df5ccf073560e16e2a5a5346b15d,
bhop_oldschool,59707296,20120765,cd09746f7152a609826a2a865d108fccabb7c52e,
bhop_omfgdoges,42352562,38186961,12d22e36b12e27817a08a32d72c1c0d92222dffa,
bhop_omfgdogs,12069841,5405042,f2eed0db25a6253730a2b84f76d5146917753760,
bhop_ominouskittenz,70505348,57522762,6aaf741aaf45eb70ad22a5d01a7a52fa8f41f9b2,
bhop_omn,18242426,8167808,837399c4e41887f290b84c5b1aa60f2b72880128,
bhop_omniscient,55361512,10182351,0ecb656b2807494e972a0a809722b088434701b9,
bhop_omnitopia,15943336,5757030,f672d415b8d7989c39f0e31a965c5792b76ef9d5,
bhop_om_final,13908385,6007323,62deb2787cc125c24ae0307ab7e604b35b82d540,
bhop_onehunnidemoji,22346206,4280985,ae02da503d3e4fd7d4fcb86a5d3ac0db875a6275,
bhop_onetoone,10648106,894309,dd48212b47d7bc16fc9067ef1f1ae86d6b54f74c,
bhop_opads,4542772,491010,f4d7a8a7a51493f2a60a7fd5531afe1299c2e952,
bhop_orgrimmar,108164505,50319159,f6fdf51ac2fa8b55b68a3b5e9f0e9cf19ceae996,
bhop_orionsbelt,29837374,12610826,8084b51c4debb693a086a0e24dac91d4eb5d14cc,
bhop_osti,49101781,27635837,0b338e77551b467e007a82cec4dbaa9a1d26cb39,
bhop_outback,18216300,5243623,51ab5d87a90a6bd5da1b42b4e8362810a86f936f,
bhop_overground_fix,4757311,1553088,87ac5a9885b48005d7b5ec316b32bc556f8b6c0d,
bhop_overjoyed_v1,8594182,2908983,e726f29dda4ced55f28b478e089740a2909293ff,
bhop_overline,40553883,5008447,dbc9b851c9fe5c5da77cb5a7683d9b16d92cba8f,
bhop_owk,14073350,2509224,05a3fcee19fd0ef553f4b5289da7e51590f60e64,
bhop_oxom,14750320,2619981,408a7b973b240ac668aab2b5b791551dcc656ade,
bhop_p01,9115527,4755215,ff91505bb6151ed86c555f85561fc70ea4f94aaf,
bhop_p02,17269990,9199929,151a49945e5aeca713be5d41c439fcf992710320,
bhop_p04,7612604,3750308,9761367a225f0737a29325c6aa8f615ba6f15184,
bhop_p05,151089886,89478827,7d3f12014443b9ddab0eca2eeb7d92e7a54a99d8,
bhop_p06,152564243,88464729,0d32df4616e49915d8f49448fc02aefaf7c6a6bf,
bhop_p07,20382681,5279277,490f63f1e70bb57d95f71bc1045c4c8775b1df5f,
bhop_p08,44103726,19102718,b381b67adc2fd43c924f9414d4aa52cf12e41488,
bhop_p10,50046241,22712676,e8730e4814f18ebeaf58166aa23b79732a26a4f2,
bhop_paisaweeaboo_beta3,44296460,32713756,db6d5cf66e68a8b2ae7bf75187166ba6d62378fd,
bhop_pandora2_fix,254037719,106329814,94de4fc1965dbd3220dd7ea52d8c80ec5ecbd44e,
bhop_paradigm,50489042,9967659,d0ff029cf54b2fa65473bf4cfdf6d38e68990580,
bhop_paralelo,9883693,3368742,cbf6c1f44c86e4743e8bc8be588294873ca567b7,
bhop_paran_v1,3403629,1198445,5da35a8d2d2a97d739bfae04b73a9290a890df21,
bhop_parky,26130195,6233363,f1589f059ebf99428a52a4bbcc99ae71e65de37e,
bhop_paskamappi,37623056,15675354,d9e3964ac00ecbb1dc1f65b508518fd7aca4b5d3,
bhop_pastel,3386038,741271,dfc18505f71a76027d83b0b477e35ce604ea8c57,
bhop_patq_texture,4586730,1859159,b38b649f9538086128d46275cf5c54d18dd336e8,
bhop_paulhotel,31658039,6709393,46f5f387e8eb18ce5bee63dacf7459cd5334a376,
bhop_peachrace,30861261,12693076,2866b5ad4d2a44e68e090c9cbdec2844b0e22250,
bhop_peleks,20117360,5784187,0d908cc29eb1f87d02eebbcef2106aa637cd60c4,
bhop_persepillu_FIXEDD (1),51278768,20820226,f37a87416f1e03f9a47af9b97bbd4f8a54a37595,
bhop_persepillu_fixedd,51278768,20820226,f37a87416f1e03f9a47af9b97bbd4f8a54a37595,
bhop_pharma,159537868,74119772,1cb6a283087f288c226b08f78f437a461e453c3e,
bhop_pharos_fix,69198057,30576207,5c1581e357a64957d0051ac9d054dc209e4dcc23,
bhop_phaze,10497090,2259773,1847757d7117da5a4787815f22985c157abb1ea7,
bhop_phew,22479144,4472026,b1d9b30240147563df4fd49b302505b6788a47c8,
bhop_phnx,24986294,2758914,1a5ba35e40e258552614dd32d9054086a16fc6f4,
bhop_pierce_final,13034857,6304850,5bccfecd34c5044f8aceae0b0d9a183d5134348d,
bhop_pietorture,4242874,945835,e9e68770cee1e84ccb7605fcfad6d2ae3d43e9e1,
bhop_pietorture2,3291590,700837,f0205d8b10dcaca5b73092af35d6361eb3a0c5f1,
bhop_pims_cwfx,6837935,2121064,76a57b0c5cb3213580ee9cc37c54b46c846a5dbe,
bhop_pinkglow,9937516,3027582,183f593ff27c162ad36658e5cadc0337dfdd31ad,
bhop_pinky,4360664,820619,4ca92757e25f7f0d5c864f017cd8c5b5200b0192,
bhop_pj_beta1,31156161,18390094,86f5aad2355c3021f9b2dde3064aef472e6663f5,
bhop_pj_prologue,24076696,9797701,b0a23cf30f879059b05e2b688bb617a6cf33ba3e,
bhop_placeholder_beta,90373996,39657700,5a2b22964de3e86c6269c71c6de46af03e5930d7,
bhop_plain,12330294,2818325,bd4d2c6d3978b19068be43f28fa2251caa5099dd,
bhop_plasmapheresis,30213473,4472766,fa3f45a30b507a11fa3283e8022a15da816db400,
bhop_playboy,16949062,8389351,8b63e83c08045a2e621a032594dbf10ff335778e,
bhop_plox,2937040,407760,1fa219ff28f4a00059b588ae8efadd8cbf85aff6,
bhop_podozritelny,46903168,11718529,62fa1bb7fa17dd9fb0305d42b692fe8473537b9b,
bhop_pohb,12267460,1410907,5b03f0fd12a94859ae263a06fdb0188ab7ed74ff,
bhop_pokemans_xd,7712560,4637990,de93fb1e5a7b26b3f2c8cf662dd0b167daade188,
bhop_pologos_fix,26489783,11788994,467137699f13c9f307d98e1fcbab18dafa55fc39,
bhop_poon_mitt,67961993,21156212,6bf71426549bb7dec37662864d25f9280504d8df,
bhop_pop,11778902,4778057,c1e733dd77ad1a2b338e3721ec1ed4ca548b1d47,
bhop_portal,84688856,40442196,3d50d504ccf6861ca481ec0b118404ca8e1d3c94,
bhop_poseidon,60057212,41230387,f6f635ccadc1d3a7496b51f8d9791779f80467ea,
bhop_prepend,17194992,3978476,c92af99cde58b845bf7752b43990a613ed902969,
bhop_pride,135967173,27538327,b09dfdbaa9135a2f3b438b1b796a5be241e004a2,
bhop_primal,45972143,10963196,56d61384394df3ebfc8805f997258c6b52fc61de,
bhop_prohop_exg,14498359,2128869,8efbac96716bbf95d4f010d589c567f43f56d8b1,
bhop_prometheus,186593558,64995927,ef2aebbb47facd8b31d4a49c9c4d5c497ea5d9f1,
bhop_prostyle,4256183,1565686,b19163419e833fa3fa1c678cf2abe2452d1ef100,
bhop_pro_bhopper_final_fix,12442956,5744790,26b0eec80f478bfce7d3372860d34c91888682a7,
bhop_prux,24605473,8965300,0f8f1c3185b2fafdaa68885bf79ba9231198f467,
bhop_psyjumps,12713055,4557038,0985b6b4eb638d208a3d58ee4659845171d310cd,
bhop_psykeeysss,97355287,64536574,73037854eea0fbf2e160550efd5366347e552ebd,
bhop_puf,53739049,13485206,41ddf1f00c4dd88f6b61b5af254dc631373ded15,
bhop_puffs,45914666,15514564,1eb516be540b2df21a753be51dfb1a47989f9743,
bhop_pumpkin_stem,3056004,645080,e5ee42722ffe022a2bef069d0f499e1dc960b71c,
bhop_puppeteer,79944679,50456771,955f31df880fbac65ca97c65d8d2b9bca8210797,
bhop_purdytop,13718618,4047894,705d862409f77e690683882281de2e19f97b03c8,
bhop_pure,54397387,24563077,5ac2cd4dd313a0bdca66f90860878abc20d2e238,
bhop_purea,4279465,1200466,6fb0515a5c973faabceefca4d6a7365526f011ad,
bhop_purpleheart_css,66886148,20176945,cf31cbb99813b9de2e9a7fd38f60800c0fc4fa62,
bhop_pym,56984517,25520976,04d3cefa8632fe3ef3e6486a78efd24d07e6d950,
bhop_pyxkeria,42010787,17872435,b89383c1f4ae7b675d8ebffa67c72729621cc6f3,
bhop_q,61091091,21556678,d8941ae52500a18603621e578d696be26e7cc087,
bhop_qmpa,15822167,4219908,e81fd8eba7d88b8ce9fb3366bafd715e74c7d2fa,
bhop_qportal,16267419,5920123,ef17b94ddc1713ab873c95fc32ff5ee8347c4d3c,
bhop_quack,40917192,13918078,0f836ea6315d0137e02541ab97d822865fee5da9,
bhop_quad,2796416,713263,615bba4975564636c6b13065536d10fe61f98517,
bhop_quaker,22061564,7651256,9926c15e6b7c1483ac235b8faf384bf027dd1562,
bhop_quaker2,21539467,7424080,0a457087f4eafd5f862fb57ada06c796927dd068,
bhop_quandrix,49726008,41786458,de15d4dfa34482101c88ef342fa6662468ff2270,
bhop_quarry,12697949,3541599,2a3872378701de28427a396f2b2779ca9a826bd6,
bhop_quep,14170976,4871182,11ad65371b23c9124e3741e8225c6b31269af8b4,
bhop_quickie,15636742,5509948,e60ea66ce953c7e359b245ed25680425c68a2b2d,
bhop_quiet,43690619,13204622,234c8efa64b2fca5a4ca965a948c7f58faa3054e,
bhop_quiet2,110548096,42489019,6b548fb8a29de40efa973058f8adbf8926b2e562,
bhop_quist_final,19261056,11486602,cd1040e31c95ac0da492683fe975708409b2c20f,
bhop_qwerty,12596485,5348036,4b9978b24e405d51607c6fbb8bc9b8f3c3293b62,
bhop_r7_cvl,9628651,3904091,b05c49ffb8674a603b7e766e71b5ab44ac37d33f,
bhop_r7_enqur,10362266,3509620,5991031f9cafbd9f7fb9a575859881988074451e,
bhop_r7_gold,5453568,2952678,b8b0eb8ddadfd412e4b9d44a780ece72ffb279d5,
bhop_r7_ivyx8,5615076,1523632,5e41e67c8c9e16c14ef6777a890183f9a79817bb,
bhop_radiant,119787794,50220582,0374d18c15245f11f08a239151c4b1a800c360ce,
bhop_ragequit,72924004,44834182,a9268874b72d5308f9409f962108d0a4532f3acf,
bhop_rainbowroad_fix,60921156,34450737,d97550f63db6d05c82351b0e1f7c320f9d6504d0,
bhop_ramil,11877177,2655234,58f9dc05c8a49e11704c2a995c1cf2c21d4bc7ef,
bhop_randomshit,20694347,4555994,618e190f61b28cdf6bf6ef58e6823f532549f5e4,
bhop_random_fix,8335800,2722252,af627e951e472342536b0011b44f65b9494bed39,
bhop_ratmeat,122455764,49431950,bf04ad64fdaa235d7e461198d9dc918762792d34,
bhop_rat_v2,22712864,5167919,4868ddfdfb31e32da48a2fe464100bec77ef7ccf,
bhop_rawsewage,49794600,16755815,602b8b5b2a99017a565e0bf7c413fa8215c6a63a,
bhop_reallygoodmap,15044568,10561709,07107b95a300a42596365d983e0deb6c6a0846a4,
bhop_reborn,5639504,1160684,223085d3b25e32861d4ae31f26072fc117d97831,
bhop_reborn_academy,33411390,26258328,e60c600049cce202cc47d74ec7285340a36d7c30,
bhop_rebound,26633742,9822024,cdfd16009be8d63ee324fa7affdb3100daadda5f,
bhop_recharge_final,55057431,55203608,f121392e812f02f6cba76bf25f1b3ef9b8b779ad,
bhop_redmin,3068092,854860,6f03f69ee37214e08feaef36a03e166c97f487f1,
bhop_redshit,6773179,2511794,e591b59f4e168466b2f66f741c66ae5122b86b0d,
bhop_redwood,3955492,209581,b50ccbac01706c9b591bbb7fcb9a8d9f95bd074d,
bhop_relentless,77805722,33947121,d2adf8ebb0fb1b0c5dbb72c130bbc0a1685a03a3,
bhop_relentless_dark,30599036,10274749,bd8c9d44b815baa1c7f1b321c6f62605dd6763bc,
bhop_relentless_sky,31574709,9863537,b0cc1006a20fb2f7db79f041a7706a8a5b14973a,
bhop_relinquished,94843316,73687101,e518f6433161a5f09c2db0d2253e848d9cbe48b3,
bhop_relinquished_fix,96611710,75121695,f1dd85700e83996e9e8162ce262f6422b943a242,
bhop_relinquished_fixx,96613141,75121679,7e6e9a771302ee58b0f9615b7a0e786635d130b8,
bhop_remains,83991733,32938619,921d026aee25558f857b32321ebb28cc5ab9f894,
bhop_remi,49382020,36269770,4985c29500daa2543d2506bc34cfb879e35862fd,
bhop_remia,38460157,30885632,d1fdbbd4de865b6f48b55bf7ffab82075b58d9a1,
bhop_remnants,34395928,15098723,bab7ca8ab13429f332fc65952af38657b57f1001,
bhop_reportal,139905673,44381556,a9fe5e3826bdb744565221f32e5c5c4aaccb6486,
bhop_research_laboratories_b2,198756402,71226687,a45d54b254bb57b2bf39fc66272595b01dadc1f1,
bhop_reservation,146761728,58115526,8f8031342f30581ed63ddee5718374349b1b9815,
bhop_resistance_v3b,17841302,3177291,cab9bf8cf47af2de1d98af5ca950598268ff5ac2,
bhop_reverie,63591543,30585518,53f300e1a4be032ea1bbf302063c61cf3b4cf71c,
bhop_rgbglow,38065011,9436414,bac79bdd091a8be4f81c9c487541efc01e77a030,
bhop_rikudo,97513384,46413859,b20b2df537ed249430a255f961cb78550db88412,
bhop_rin,39395984,16709576,259a356347260fa928df84745da541eff8e57edf,
bhop_rinnegan,47610058,22619806,6ee95ac0ea4ec007354ac5b1f5f63de66a80d74f,
bhop_riot,30777344,12255930,04d7f2139f39e1b4a14e924132510d316fc2589a,
bhop_ripdream,7365783,2789093,1d04150f8e2c0a53a1f240f1584f2dd3a4364c07,
bhop_rippcpie,12775351,4088706,08889d6196c8f53db715379f5a051e8102d1f133,
bhop_riverland,15340569,6117445,9f4777e0918115000eb371b3bfa0aab5d2570e4e,
bhop_rmn_crisis,75189954,17612980,22ce741f2c4581c71fd307aa476332a8ff62053b,
bhop_rockthevote3,28417947,9186860,8dd07f305d1cef6a4278c59715bf1970aa27cb23,
bhop_rogiql,156184465,82722556,07c20e1def5022a67babcbbc5adadc32ef98a82d,
bhop_rollin_v1,3909840,1500293,8bb22650e3e68675e3296b3a1f3ed250f7ef068b,
bhop_rooster,6274677,2087697,832814c85f381db3341120634d6a9fd34ced8fef,
bhop_rotebal,82265807,54633119,6c9d56b1b4830a5bb8cb95d9300b22266273bca4,
bhop_rotebal2,32665478,8650103,2a74c24fb9402bc94779e987bf92955491607e52,
bhop_royal,2599436,581281,a4320e7fa5bceee4fe628b35423135c4f0fd17af,
bhop_rpg,62272758,28197376,a9a26418d85008520a8966322b0599b395c02954,
bhop_rubiks2_v2,10760311,2231470,b27dd81bbff06d7b66f92a60412b264ccc22fcaa,
bhop_ruins,71669078,32036483,b2ef1200084b0401efddcc309b611deee8952637,
bhop_ruins_of_hopcity,56119179,22531249,059da0bc497f4bc59b4ca5e538f3f47f980abba9,
bhop_ruma,44190536,8049722,93631c37ca5215ddd9dac665abb316f48149afe1,
bhop_runbhopper_v2,2973160,788161,ba02c3b7afdaf1db32dd238142736e1d4673f355,
bhop_ruska,57849211,10344977,862f1de4ac8aae8e737cd0955a5b664447329a3d,
bhop_rysik,18437964,5568524,4732556d738873604aede879d6de1e52dadd7987,
bhop_s16,15074244,2253773,c5024f33dee580ab2ac726dd368bbe67b798a6a9,
bhop_sacred,48166721,24531019,3643169dcf5074ff6ac821d2c042c38d004a11e5,
bhop_sad_gde_apelsini,9592179,3555512,2d9da98ad85a00ff898496eed44d3819ce43f51c,
bhop_sad_gde_dengi,78579926,58771542,f01557349cf2a5aece52d366d800ede8089ae7ed,
bhop_safehaven,32175768,22346881,0d4fd5e19ee089f3a93fd9380f8a0ddba57fbfb6,
bhop_sahara,21657033,17953526,4db97c7c16492c16a6b67fe6c44ec9bd16b64a7e,
bhop_sahara_hard,21962085,18045626,87cf28eef54d876dfa755f5fd8c178c997114915,
bhop_saisei_css,15118431,6787043,e40aecfa6bce91099bf675d337947295d415687c,
bhop_salat_v4_linear,15136085,5470978,ad30f07a46b09a80827e748dcf586ec6313dc2db,
bhop_same,77198992,34556430,cdc682e23fffdafb93bde1a504bc6ebb7ff745e0,
bhop_sampletext,23093548,12551193,08eb81b72be68a4fbca3185d872ecfb90c43fd9b,
bhop_sanctuary,93644756,40015078,8ecbf6dc586a10ba4d54829508e528fd215bb80f,
bhop_sandals,12759256,4844939,0b49ff48550e7fa409f84e8168d86f2cf04bf59e,
bhop_sandtrap,31318527,16987926,d2ee711b363bf4e54d169b770c255b3a02f67713,
bhop_sandtrap2,27528056,16628086,5a6c2961839efcacc7d1996040a02e95397aef5d,
bhop_sandtrap3,26751681,15712133,b500c15d29e5e450f26390676ac2586a9cf41655,
bhop_sandyshores,6118983,3441278,b3d2ea78ddec5ecb29b13f8cd971ba1bd1138666,
bhop_satan,43385393,12270742,4dc5b77527dea3e5299c13e852edbfa9da2f71bc,
bhop_satellites,211547636,47361487,c06b52c6f67db3abd96b38df9fcd12478cc6f825,
bhop_sativa,56760796,32586344,1421b436e2af5a252904afde1467b055dea5948e,
bhop_sauvakavely,19525519,6996330,8533424387cbe8bb58db4b9b5c66f6d104adb66e,
bhop_scape,32217140,4240945,ecd8c81dc87b925e5e52e568563ffd3f7e5f97e2,
bhop_scared,21524824,9964508,5482b31787f12bf16fcaf47e019aa55d1bbfc2e0,
bhop_schnitzelbaguette,49785927,20242617,42b5fb198cb00bbcbefc5c820e35a77f985a01fd,
bhop_scourge,112863454,41271168,49f4e534aada9175223126f8bd027d0de6f0ff4b,
bhop_scrappy_rip_fixed,7757257,923620,6f3af1ae8567d6d706c397830b57fae9a52302cd,
bhop_screelee,30164895,14479802,630f18d34a93397c7d885195cd7aba26cfe01294,
bhop_scriptide_lm,96742379,41814745,c909f3620ac5f169d1eb89b9a47df49a7085706d,
bhop_sdc01,10420842,4440481,7850db6c89d7db845671c3823da98c87168432af,
bhop_seasons_beta,5099332,2437371,7843bdc803e8798d6a66960069b6d945ed417295,
bhop_seaways,4163885,688750,48a4367797035ed5b6bf12a9886a5cf72f64105e,
bhop_seira,45831855,12738538,0f64eb811d706b7d0d8487ed48afc68b443070bd,
bhop_seiz,3284354,965754,166684355ef645dc946adc23575cd3937a04d80d,
bhop_semeroe_v3,7024061,2548315,3e16fd03d15bdb34accd1321e0d4aee46810edee,
bhop_sense,3677464,350302,04562f4f7f24f1d8b8a1d9fffd6da8f07bf720bf,
bhop_serenity,72726986,37368611,42b5bbc3bfe91f422558a315ca137941907c1e33,
bhop_sergioiscool,18191163,5075603,b853a2d5689b49c00885d0bb13f5c2e6bf8c4d9d,
bhop_serv,19517664,4350493,59eb2633b16277852d23258977f42b7b4586050e,
bhop_seryeth,90634771,56569677,33309a9e73d5621cb202093b7a9548094a066a53,
bhop_serze,86282387,38129886,0f4fd9109e7c5aedacbfa1a1850490fd05b3c2ec,
bhop_serzv2_opti,88147072,19803816,6081a0f5091ff95debb97a1fc747d55724a0b673,
bhop_sevvehell_fix2,17224208,6279037,33b614696da41af508b65f9fe434a20698196e40,
bhop_sexwith123,7757693,886118,8c1c60d548b9108f3993716bbd4a05e6222a1420,
bhop_shades,8781411,2022123,490a3cdb31a0adb60eea8319bd7c610981789d38,
bhop_shampoo,6229683,1723965,d54af8c0e17665443aca775ef1495bc644d56c8f,
bhop_shengqi,28162695,6844864,a20946717c410ec67d187ac29f80f042ebfecc87,
bhop_shevat_ka,26706809,11733078,dabb9abb8eabc2d6f7092a335af56e549cce8d9b,
bhop_shitmap,34830441,28686045,6e877d612576bedcd926287f23ec82c44eee09df,
bhop_shitper,81237552,23675741,2d615b9767d5a7d7dd95cfbd7b120142c84bb477,
bhop_shoppingspree,31962116,20084661,80cbeb1a0055246a2a2084ed854e7269d3df8aa8,
bhop_shrubhop,70831011,38084072,1683058bacf5e87797b0c61e73f9af804d1bc9e3,
bhop_shutdown2,288182274,122493743,591c7e15af473221123848a741c9caca052ba1f2,
bhop_sific_v2,3520056,719389,792116a09fb4dd24b5dd11efe76cc50483af65c6,
bhop_simpleblue,2677801,445435,7b0b157361b6a915a559ca8af55ffd0d80543c25,
bhop_simplestrafe,13956036,2566232,564d55a6b6d1a7d17834ce6d6e0fa43494a22870,
bhop_simulation,4199872,939929,ba06bfe23251cdd9b7a74b0a0528b42e86cae6b3,
bhop_sina_fix,187705046,109706151,c7febaeaea96c0ac42cc3ed962235f091ba5cf1c,
bhop_sinister,6860750,2212971,5a2b7a8ad7eee2ab449ed8709c1fd5875f38910e,
bhop_sj,168685896,96435828,a8926f1d4d72f9d27d65ad64a0c1fcfcb6f0cc07,
bhop_skadad,3351568,1501127,5b91faed975a46f9642914e1547f4623c6facf76,
bhop_skaebne,15896420,4380027,cc6c34deb5c761c22a37cd656d3e95be9f413809,
bhop_skate5,14194403,2433414,733450dac4a3e1c56ba28b3d9dc26fccd2630f9c,
bhop_ski,130014076,80870507,a36095a3bf7a3224326580e0099944b6a4109a3b,
bhop_skylook,34237710,9253970,ae72ab2b16f77ea238402dda0058b76026570d42,
bhop_skyppy_alpha_v1,37933192,4428688,ac9f4be0c29f4f28cfe084f95508f965bbc268d1,
bhop_skyruins,8469478,3335732,e4c03dfb92e999f1474da9d80a8da2c14fe93a73,
bhop_skyscrapers_fix,29584466,17830967,a10002f9335761c70049892e288f324b4270ec23,
bhop_skytans,3565624,752917,0325bcbc07371d757c3154a5ffd3b296d98087f3,
bhop_sky_6xl,16472693,3667633,84697e737af8eeaa496586c37e6385f97d52fcb2,
bhop_sky_realm_port,19288395,5611111,1ec1948363ca44ae64817c4499eb7280a743dff8,
bhop_slate,48550088,15427053,93b5f9396d4207e7994b2d98a8b239c75466deea,
bhop_sleepless,8073527,3068427,229affb9fcd362a0d461a15413156ed9294b106e,
bhop_sleepnow,11753310,10364181,cd8b0f8094bca23c4e95e43cd63212d24a3b43f6,
bhop_slide2,71952113,35566291,c566acacbb51b395beda2b1b6bceded08e926109,
bhop_slipstream,6823921,1099059,beb2681f333575d2444cd4c7153850ba6fe85d5e,
bhop_sloop_beta,5096398,1916577,4f7deda98480fdbd809a08f1a005d0ed84a2bcdc,
bhop_slope_v2,15426520,5440071,d0344b65fb24cd452357867e25727dbcb7f0874c,
bhop_sloth,87816086,26628696,af7c745189ec8bfd3229f2196d10ec9d996994e0,
bhop_smally,7016717,2321219,d9bc6c1edf3760684e3f38ec54056e602116ab53,
bhop_smokee_2_fix,16077928,4918923,85a0d94d93cc2da0d9f6b90972f743f006cdc188,
bhop_smokepit,14235216,3186074,2312444c3513d234e0be79486a8b89353da0d255,
bhop_smudge,2575748,798791,5b62fba1da30878d6425886f9812a93c7afa87bd,
bhop_sniff_sharpies,2895596,1109422,f718d51de5d0791f7b593c366e7a37fadcae82ff,
bhop_snowwhite,2613160,819706,96c9423d2e5c3516546969d6d9bb8aedd8805958,
bhop_snowy,26877242,9228626,cfc2e5a42a0481c6f014e994339e9926e901a748,
bhop_snowychristmas_fix,24823248,13958134,bbc0cab69949addca1f80924da34b225dbb9a4dc,
bhop_soaatana,38293390,28629909,669e066b698baf79e33b8425cc7978484fc4039a,
bhop_sodadev,4450674,1533700,0b93290a40edc7acd6c120f095c0164359940f0e,
bhop_soft,20378202,7984158,c2e013317f73db39d142ac099cc2fcd063bd72f5,
bhop_something,23484034,7998150,ecdbb4c71c9ca4c81488c2b9ac0e4960c9e77833,
bhop_somp_island_css,42409764,11252562,2d32b99affef721395f11de1fbe33f653f4a7ef6,
bhop_somp_mountain_css,32338523,12589143,8b79032e3e9861f63da2e72181188c704fcbb6dd,
bhop_somp_strife_css,67067875,19492560,8ddaeed7bc69b36bed14d0107b4cf9ee61da17b7,
bhop_sonder,177697874,97120737,831e78f4a0aa508de45999f61d81fa1be8436c50,
bhop_sonicgaming_elite,13115867,6706923,5349f6550ca91f933a6dd13552a23bc85932f2b4,
bhop_sonic_lagoon_collab_rfix,38220805,12495666,65456185e1c0dffe8da79f21d710ca6c46d122bf,
bhop_sosure,35897893,17194552,4df8b271162d200b9e080671c12264f3a354d023,
bhop_sourcejump,14734095,5887782,3d378442dd83905b41932982787fe593a6613218,
bhop_space,113041448,54034699,642d1fbdfaabd64893b5d6490f28cb5061859d61,
bhop_spacebar_warrior,15925935,12526792,a9edbde95c0f087a44634d3df9281158a0f76d87,
bhop_spaceship,29324684,14052057,3c712801062c0d584996e1822923a5a6cb269e1d,
bhop_spectra,20664054,1379990,aa4931a913c2f4b775092f4eced610bf68c53423,
bhop_speedrun_aztec,1353559,249084,d49d3222a4f6322f809dcbd46a7f3b7b28557d9b,
bhop_speedrun_dev,2732800,969731,79feb1a81cbbaab7fb60dc28143e65c46c3b89ca,
bhop_speedrun_dust,2088896,662063,c3894fdf654b7b64ba5569290f3f6535539a9243,
bhop_speedrun_skyline,16826089,9210558,b5ecbea355e799e6cecc77d97156ec3a7787dd96,
bhop_speedrun_suka47,16723757,4275515,a8db81bd4be7a7738012d79e38b39bd89d97b749,
bhop_speedrun_valley,12635888,6773086,100ed4caf7949099f24d853923f04d18d5fe8047,
bhop_speedtyomix,10036715,2033603,a9b706b888d889ab609e931fac3fce5c059b8d79,
bhop_spentrol,20713284,4978216,a1313de1f2e4fa7f2aa0296dee2aeb5c9516a8e1,
bhop_spiral_lennys_v1_6,13753505,2889958,97c14dd4eb90f980649d905225abae75cf412462,
bhop_spiteful,6989680,1815077,4757d7810ffa5d0e521ebac05adb598b77ab065e,
bhop_splash,13104737,911970,6a265ae740fad062b3c7c855502c0a31de9fc226,
bhop_splunk,53607791,22534457,6fb77c41c11d2ef000ee32d4bfce8ded31b90c01,
bhop_spokyforest,53732930,16964591,9963f47dff6a475d4da984ff4b367f79f9f40281,
bhop_spokytropic,135253659,57764473,8e51c04b4660007f007d9cca31ba77bdcd02b586,
bhop_spokywinter,183961849,106128753,7b7b4cbfc6f828aecc4058dab1b344986fbeabc2,
bhop_spongebob,28918598,10055579,e5ab7476813e0fe54784d6d27b5381ce00355f3d,
bhop_spotlight,33043194,5012751,08961f8db866edac05a0a7cb213d32b5d346c8ae,
bhop_spring_chill,52904496,26500030,25ee6e231c08322990acc1564c0a24cf8e997b82,
bhop_spyro2,62740813,26231226,99979ad8f3fa40385c5c07203e1cb70387f2cd9a,
bhop_sqee,105629226,71488005,3bb89b4ff709d99988bdd30d765ffedfc2441b6a,
bhop_squishyfish,35882867,4558007,5a2493095b1eec55ac72b1e6c55a8687fd296499,
bhop_stoitnamalchika,50514856,10971539,25650e0c588b6d76fcd8ee575a90e7a84ff9df29,
bhop_stoneage,21150862,10437936,4dcc3707db553c5746c0811317a87bcf06fcc920,
bhop_stoneblox,34044757,9390618,8614607bf9182e56658da0b4439dfc947d3fb6ec,
bhop_stonez,51522973,11770475,d39b70ba58ee8399d6da8e3b81d786fe02d56b56,
bhop_stony,14520235,8171318,70982aa0e278b946878d79ff26bb63b97a8790bb,
bhop_strafearena,47155961,27600809,11c1de80dc7d843c05da78c269efdaa4fb627757,
bhop_strafecontrol,271436504,147997069,0f5f1d1e1983dd4196e20056f738cf9cfb4ed3f9,
bhop_strafeflow,76797814,31976418,4b9c72cafadc20cebd05677b66642d6065eba439,
bhop_strafeons_fix,13057661,13113150,ba4b57fb8bb6a80f772bb00ee9a624033bbb0963,
bhop_strafepads,25216811,8595596,cc713fe3eea4cd55c2f771bfffd25d2d943d07c2,
bhop_strafe_azure,43061886,17410301,e3fd125bf066a81378150f79d80a40fcb29b66d2,
bhop_strafe_facaadude,50438196,5374678,b80fdda842be605cbac6987472ba38a7174ba6a8,
bhop_strafe_fibzy,48786079,18785588,cebc18e9a673f3a201e78f6bcff11d0924e7a1ec,
bhop_strafe_fix,21344676,8066421,b76d6e84a739d5b7eb0c8bdec82b16ec36b0a7b2,
bhop_strafe_idkwat_beta,88691154,17777977,367e510326bc8a16d52c5de4cb51318a5372eac9,
bhop_strafe_m4chine,45603156,24201553,c58d4b4113e03bc00b81e09fd67a41761f032149,
bhop_strafe_matans,21763366,3096261,c7cff5ca78fbd050cf148b5adbf29b7da2d0b4c4,
bhop_strafe_sepulchre,45940148,24326558,50d5b094028c529d4a663acabd1f493401cd808f,
bhop_strafe_sepulchre_hard,52102331,27076848,501f4f7dd59ef4d32ad0ea21cf1d52dd854bdc2c,
bhop_strafe_sewer,6336679,3176261,f2b6a6468c45363bde79b2784c1fbb905ac6ee9b,
bhop_strafe_summer,22955838,10943818,1bf5286b291a341d3d7a70589af9f5a420db9fba,
bhop_strafe_winter,18349088,9035902,1d9386dac6609f70b2998c2d27470406bd5e95e2,
bhop_strafinggobrr,3180499,960431,53785db982201368c3314c4ee11ed2ec7bd7134a,
bhop_strafingonlegos,15121400,5286723,ebb40d83a1c24282cf3824c0152e67195b0bc780,
bhop_strafing_in_sane,67508664,22902364,52582c6befaf8274e59db851711a28a383fb4b56,
bhop_straightforward,3620011,558146,a3dc5b7f76ea93cbdff5a60017cb79b9bbd4b824,
bhop_strefordie,6063627,4275118,691f5f0d75bcc49c2f24d244a09e4509a0544ff2,
bhop_stref_amazon,19120683,8281413,c0e50bce8d5c1c93aa5713217b47bac26f13f592,
bhop_stref_asleep,15934056,6143580,20dd21ac4d09c988e2a7f68b7b46099b1aa8a79a,
bhop_stref_cairo,17540777,7006733,ba0695c5ddeb6e3e361e0aecbbf588567c81e0f2,
bhop_stref_shanghai,85937444,39930570,d6287bdacae5f9cee9301c019f15b245773b5115,
bhop_stref_siberia,45352488,14303434,6e5243e2c718b49ad047b804ccbbe4373d5ba8a6,
bhop_stref_wat,29354646,9178055,abf32c3af03f686b8e07ea584ec33dd71be3d234,
bhop_strength_v2,104627024,57991733,5b5fa9bf3a4d2755e8e86075f116e71232e7b744,
bhop_strf_bkmarble,14921132,6524796,87f1d868578cbde05e71e721430aaafb2b1dbecb,
bhop_strf_idk,7022518,2138548,64b345dfacbd82444bc0831c018ab896ef4678a8,
bhop_strf_kastle,18178415,9145705,062c6d0856c7d893ee7bcfb6246cc0eb42fd0487,
bhop_strf_sketchy,4208554,1217044,b854de6880a887cbc04703aa8e5152671f7c183f,
bhop_strf_sonic,40387438,15106011,ec66f481137d8cab9d3ff0a98a2060079edde788,
bhop_strf_space,31501747,14354329,16728aa37b28be9987d81e98240fad7028a689f8,
bhop_strider_v2,4648452,1257997,3b038bb2d6af3ba254448f106247484d2f767713,
bhop_stronghold,38230436,16287810,382ddad02f7724175b208969a1173cfbaed9a30f,
bhop_strvfe01,5929431,2431704,ffc789d85a7a83568edb13460013c1b3ab839fc3,
bhop_strvfe02,31435642,7229648,33549ef447a0cfe48758d72b819757ee57f36ee8,
bhop_strvfe03,43383325,16773033,8ce404a0d22f0a5cd8d51640516884d37afd60c8,
bhop_strvfe04,15689109,6576164,e94133f89dcddf634e95f1cb9301452ed6380edc,
bhop_strvfe05,21226671,13135069,a8c7c25979fca17b1933124ccf1ac6f260dc3e98,
bhop_stupid,20314980,9291754,cd139df6206b0c8e9db294cdc81f4084da6d326d,
bhop_subdivide,22730253,11756178,81c09817f5b6301580f3d06bc986aa7667b1e11c,
bhop_subsidence,8901430,2781896,45be50ae3a4ba271fa074ea9934559e860880060,
bhop_suddenfire,5397024,1164175,6a510de243b0f83a019f477035ae501c8ab74b30,
bhop_suffer,10283773,3250333,6c5eed1aaca4405199d4cd8624969bb7c013fbee,
bhop_sugarspeed,95182189,39139639,204680563ada72d34457dc5b7cd1f0ee4fa64a43,
bhop_suitsuke,46180378,17236557,0e5edf74d261ca2bf53fccf4c7cf24f620e43081,
bhop_summerland,19407142,10498317,c75e20e7f108460ef7a37d6712f22213227cf86f,
bhop_sumptuous,15325839,5793583,c0d4cc19f442e5aa53e142842f1b7cc139527a79,
bhop_sunrise,15840338,5159464,c62b47381701bbe2f886a59344d0ef53fcc9c6c5,
bhop_sunset_strafe,30330463,13739599,e509d341a425f488b37ab413fb8d8a01708ea9aa,
bhop_superdooperhard_speedrun,14678325,2899277,904abe4e10f68ec6f47b84dff80cb0727c1f1d5c,
bhop_supernova,224683939,75246777,f36e5817f0c2e5f29f9a3270afd82090e14159da,
bhop_superspooky,67296733,53591462,fbb622905d1de4431ba8231b09ad8e870683b48a,
bhop_superspooky_1,62178505,51162076,db1206261407f3a8ef3662289e90e9a78ef7950a,
bhop_superspooky_fixed,67307290,53600866,0eedf7ce37be347dd23f825878a6a97e05cdc842,
bhop_surf_qvo_v2,6491953,1944782,6f56953788478a7ce3f394f1865b05caac754661,
bhop_svedon,9826478,3423347,9a99a670cc3bdf7e0f30dea432ffc9c158e2bff5,
bhop_swag_final_v2,197613984,91860502,dc237941da1d04cf206f7ec860bf4b4d749f8ab0,
bhop_symbiotic,232859316,81956875,788e1ac28029b41d683eed09d1202c678514e21d,
bhop_synced_v1,2800068,734879,0019b397b5e09dd157283bbabab01e3c73b2e1bf,
bhop_sync_final,17207960,5000589,9a4aca4bdbb68cced8d7a65c92e0a00778d83d89,
bhop_synthetic_fix,368800235,240163251,9ad3b316be5c586e05c9476d4740a6ab18e8cd4f,
bhop_szaq2,1618854,699147,ba6a5df19965345d0721f9561d85c3d65d45c559,
bhop_t955i_v2beta,3635440,1124889,19dbb18816e30a53e734d9739efccc3ce0188e88,
bhop_tacos,42918654,15956560,baeb7261e9c14d6a7c863ffa6221baa85ab45f3e,
bhop_tanker,3902820,1334985,0aa81c437e7e9cb9276b5e4c7227d66ddcdb82c2,
bhop_tanker3,65052927,18229721,1752d561566c5021d8040e2ce49f2b9097a4a6c5,
bhop_tectum,25447225,12444712,96d9d583fb336a38f5b688b0f883015ad3e28d1d,
bhop_tehoputki,32288392,14974102,fef9dabe5dede567cb0c8b39edcd274d835da55a,
bhop_tentacion,12220080,2177908,4bce755e129d550a94958d0c2e0694237b07ba3e,
bhop_tequila,17042974,3623523,fd093576ca45afa334e076a6ff1bd64e15a13c12,
bhop_terrapin,30653568,10066771,1bd46663fa08f7fb9c2e56e5d73044536baac5d0,
bhop_terry,41709813,16156302,05ecb254c07b17e31a820fe16ca87a373381e042,
bhop_terryyy,8013027,1376419,bd683bddbebff68cf9cc36ef5d042b0ce4d119c8,
bhop_tesquo_v2,121332438,73431536,6560dba9f6a69e0a5c91d9ca14b51915dc6a6e57,
bhop_testing,2883894,666702,0acc4a2d9055e68b6d52c750cd4410f99d6cdbdd,
bhop_teti,27117496,11728220,9ee2d3de1a1b58129ab93b80bb04c1c774aed4b6,
bhop_tex,7751610,5125667,b5ca44a9a6851e7160013f8643144a37277a3139,
bhop_texturekill_beta1_2,4837908,1142488,7df1f98bdabbcbf4dc12cd7886420d85a915ff53,
bhop_thanksgiving,19563744,8710063,105510748352cc45b8628b9b4a25ea443145589f,
bhop_thc,13060382,5857260,b155d8f050801afcc0d113769b59349dd64fd7d5,
bhop_thc_egypt,37680201,26289559,69c47fc98a68e8d9ade6e1ca17f3462987be90a1,
bhop_thc_gold,90757432,50590224,1bb715b9c7fceaf8ce5f50aa9d80f4270b9b9022,
bhop_thc_island,28330461,13961505,269b6729ee695705014de0d82824993c2c7d8263,
bhop_thc_platinum,28645013,10458559,1f26f23c526e81229c3570bc2dc02ddeea22d78f,
bhop_thebes_2,12578803,2492283,09fcd2b8fffc28e77e557dc1bdcd7203901a31ab,
bhop_theonlylevel,40958395,5747503,57f169431306c63e29acbca977e411d9420f9304,
bhop_thetimeputintothismapwasnotworth,136769816,53443042,65786496ded0186206c95b5abf3ebb48c36eca19,
bhop_the_distance,37169605,18304619,4713102c577c390ec0af37e228b696cd29346e46,
bhop_the_journey_lyned,125787044,63212645,2f22eddbde5bb8737b594e90db9e96b2905b4f3e,
bhop_the_pit,19640371,9244540,0b7c1a2c8706c2ea3f35b7f637ca8b36a488ab08,
bhop_the_pit2,55817271,18890921,a1c5a5f235ed6b928994467d2dbd1a7f75cfb5c8,
bhop_thop,12479722,2460689,b3e58dbecdcaa6863c425a09efdc9d3666b90f7f,
bhop_tiainen,47983584,5979287,9e6f1c5bfecef6efa06199e7b48fee5686064175,
bhop_tieroverflow,17433823,5331853,32206ca3e7198a71e8da49a8e8a176b7ce2f29bc,
bhop_timbuktu_beta,31706151,9659953,6def4f91f0cf6488d751d2f028042e8cae57aabd,
bhop_timecrunch,29025284,9896744,a3a87eba9abe6b584b40468333e1ba3166697df8,
bhop_timescalehack_v2,9987942,3213846,fc97ca0fa392e24fc1fc53800c3ff50cf9786103,
bhop_time_pro_v2,1717057,620362,fc0430752c37d7732634a916093f53d81677f849,
bhop_tinneri,27183856,10407265,14de9d02ef06786812a935d4459b7ac81055dda8,
bhop_tisvinja,38290717,13143005,69e22eba6a8c8f61357f2a2209a26506cce9f46a,
bhop_titan_v2,27935375,16508011,78c65c66f9577c50638bf8a65801dd11bf06c21e,
bhop_toc,43210946,25170116,b7a795cd61be039b5d7a19eb56092ede1c1ec004,
bhop_together,19952912,7545649,15e80f0cf695cc360dcb0bd6fcf7fd104e1c0c0d,
bhop_toroux,28846370,10636557,ee79b8997a275e54205e48dfb16bea76d44fde0d,
bhop_tramadol,67052386,32356610,eb80fc5c7ab863203d22c8b0c35282050296b1ac,
bhop_trampislow,20378899,5908324,45ca059506c095b4f8bb8562dca0d9212557b56d,
bhop_tran,7162779,2632376,d6b37a096e23c7d398fbc0b0317eeb197f92a8bd,
bhop_tranquility,74681809,26060143,05b5ab966f9d81aa1cb05d9acedd0a01c652bd87,
bhop_translucidity_v2,48822774,19822126,3a2489930fb5a872d651c426255bb0e77c3e34ad,
bhop_treehouse,115957283,43826484,cdf9e35fefaf747ec96c92f50df68cceb1138cbd,
bhop_treehouse2,51703454,15960903,0fffb67506d58ec3a09ca43bf5e793dc97ecc0a1,
bhop_treehouse3,52465643,21581667,790bebaacb29a65294568da54c7454a85417ad38,
bhop_treehouse4,32958161,14219115,3d379ac046d8c76484acbb21b377ba506be8b062,
bhop_trezza,17442263,6157190,73628a3459abc82e49ff7900dc099283cac963aa,
bhop_trikz_caverns_v3,60921398,29339056,8032009d57cc3632fbbe54556878f333e9521087,
bhop_triumph,47946793,12981379,f50e3f59880610444315a6addc91d01febd97076,
bhop_tron_evolution,169192537,59221169,822d84c2dc9d9e2f968f1335fb1efe53f9962b8b,
bhop_tropics,9559758,3001269,db0863ebbe578a715c4eed7351ab2cd6d4711118,
bhop_tropic_v3,46971985,22415481,80f29f24e7eb466e4bc006f0586d8e0922f79350,
bhop_tumi,63600366,18600785,acf392ce94835b11c503baaeaf2dfce431625b0a,
bhop_tupasplash,31502476,14696390,93ec450423b89c2a50b45ce56fff19ad165be1fb,
bhop_turkswetdream,142001379,83550452,6b0d8f65cfead28710e37d494bb5d84705dd0d38,
bhop_twisted,9065202,3016991,867ccfaa93bce10077b6f33173c713c57d2fd096,
bhop_twisty,7830529,1805792,17d192cb3cd4f4770e2e37c4f4444a9ae68db9b4,
bhop_tyle,4628867,964536,6368b1b8e6be879b51e5881a6fd1bdd640231297,
bhop_tyle2_fix,28206874,10170720,7a18640a24d649eea8737e1a3c0714c6686082f6,
bhop_uc_minecraft_beta2,11420520,2054028,6919e4140cf5082b8529297bd67c60a3e69a86b1,
bhop_ukroina,35632349,12013992,a9c080653e65f028783bf1d04476e48151eb7920,
bhop_umbra,251702480,144754903,5ceba8dc3b1205eca1515ec7e40db3fd5d921f48,
bhop_uncolored,25909311,10823583,2d77f6eef4b59be51aacd1873da9265a0cf65aad,
bhop_underground_crypt,77129056,47823839,f29f113caad46999a5f267cc7a9659ae0d1fb0ac,
bhop_understanding,4736899,1339167,9c34ac298e2cd669861e10b270db42d3d4c806d1,
bhop_union,21199460,4928845,654a6a3ead8a20669fe6f6af76df187f0c8cf904,
bhop_unisex,33914951,10741296,98e923b6f29b8d666bce1bd1c0ce07c1745dae14,
bhop_unkn0wn_v2,9393888,2576925,68c9af41a64fc0508b16e57208ef3a49b72d1219,
bhop_unknown_stk_v1fix,23466206,12541664,d3415e0467cb3800ef0e21538a97a1281e309a24,
bhop_unreality,35188606,13793754,af82c18f9670ef5064093b66c7305016b7d12c0d,
bhop_unreal_space,257858069,91783879,fb36d45715d781379b92ab3e6d6eb18f8257eefd,
bhop_unreal_space2,258989351,104053949,a79b883cc9922fdeabe07cd786af4d6319df2936,
bhop_vagabond,139977611,39299878,851240979c45682e3465f1e8895aeeb1dd807422,
bhop_vale,131992786,63157236,893d2449611da45ba5be09c5d8a673f58633bb47,
bhop_vanilla,41333910,19423658,292ba595f5718ca55703fe945d75de3894ca5162,
bhop_vapor,22132378,8990380,9e41c8d9dfc264365ba5d4d37ffae7273aa5ff56,
bhop_vega,128730512,46478981,50d095dc27e350cd83ce876660cbbc3a89d093c8,
bhop_velocity,23843155,7504841,6a972b7466d245e3c23bcefc7472ef19982571b9,
bhop_velstand,12208370,3109421,6fad24fcbe67e2e9d6f502642c0f47204009f8f1,
bhop_verbena,32612462,11483647,1c37e3c080e6e349989b88b45af6893a8be074c7,
bhop_verbena_v2,31676742,11034562,15c9ba49dc0b711614c0c8dd4a0dfb8ffb81e72f,
bhop_verisimilitude,203400711,139696068,2aada85e153b5088044098e06807582e5169507f,
bhop_vermouth,21889125,9756084,68c78b79a28ac731d940510d0a6c3a5ebe5f60f4,
bhop_victory,34667387,27007186,d0ed2e01ea58a792ecbc8cdba24030a613cb8f95,
bhop_viridis,37692791,10828804,15935e2518286727f605b06e167325a5f1840818,
bhop_vixen,31295412,25198417,de1d8c1fbe404ef1e2df99f6df3f33f197f06471,
bhop_voyage,88795618,55071919,1158b95ebf5ef69df59f283670992eae1c3a3c27,
bhop_vulcan,4919896,1361305,82cc246f1ccd0ffe5d3644bcd06ad4e9278206ff,
bhop_waff1e,30202850,5583433,1c319a2633a45ce8ca4be28071262fdc687a7949,
bhop_warmzsteon,34924988,18008108,c74ccf7bc8354d1a8dcf2f6b132130a38c6bd729,
bhop_wasd,49115994,11681492,1ea9220e4c370b9b7fc9185ee3b16a625e4940f7,
bhop_waterfall,53299484,25885757,96d733ae0cefbe000b647e82fced41a2d6cd2cfb,
bhop_waterfall_ez,53648380,26259622,50b253c6a6687228c9465f2c1ab6e7ad49d04c63,
bhop_waterlight,7746664,2232074,d75c95dc3fcade8afb8286e9b7331905f77cf04c,
bhop_waterworks,29015271,10770896,5c10cd949848e3f8c801e117450d52c54ea3ae6c,
bhop_wayz,21147649,7022714,77a4dda4925906551416e1405cb9b51f9d50889a,
bhop_weird,4482638,1411110,6772ef87e3516980a8c60e555c952da255a301e4,
bhop_western,93094515,42795473,af7d3e194ba252c4e22b2a9d90e2ca22fe26cb80,
bhop_whatislove,79037888,41993968,bb9e3fcb7c3e443541c26ecdbf21e3169e525dc8,
bhop_whenstrafe_is_realv1,1968293,467820,aa8ba26830e862a7cb3d57f99360fd870ad2a363,
bhop_whipz,20767995,8782310,6ee96b80edcc7ef67450122c7bb22f537f6733dd,
bhop_white,7437919,2023862,535de9743bc5be84ce3e2e7f72513afb6be60a86,
bhop_whiteglow,14810197,4694505,c695af172e886df7f78a258bc39e16b66e4284a1,
bhop_whiteshit,36065682,4823498,8e663d17f71b957f975f177983a89416e72c348b,
bhop_wice,10363866,5232753,59912f46055ed6b98f21dd402486c4605787bf40,
bhop_widow,9039571,3131294,68da4e2364c40f4882810df92291980dbc0edaa0,
bhop_wildcard,59655065,13632046,08d3c64062ebdba1e1d6c27c7c3a8b5a59405b44,
bhop_willneverdie,9499968,3150893,6f3a0a00f5caec2cad580ffe87c030d73ac350cc,
bhop_winterland,23709693,9543686,0b24bc0b7c4ee0b05f93e0291484fbcb323c9b9c,
bhop_woken,61891191,16942671,bcbd50d90b11b60474cf2be19eb63444719b5efb,
bhop_wonderland,316268443,138547056,d49d395a89532ea9bcf6024bb1028dc903f7b7f3,
bhop_wondrous,102186968,48714935,375683ab4eb0a9dd35b2a9831f07f81f0b20d21a,
bhop_wonlytrigger,32963911,11727564,cff9ab480348248dff4452a2f9e52d37f3092b74,
bhop_woodenxd,56837859,18861553,1758d472f85e116f275d639788c275ab1c3d340d,
bhop_worldwar,109760544,57395211,4a86e8b9f3112774547cd3b5b2aa0626468a13fd,
bhop_wouit_v2,23092232,6594410,51d51a13ce20459d3c4da958fcc2272cb80a3a2c,
bhop_wow2022,22170391,10830248,537b57285d4819a39a2ecabbbdc2e5d00bf24e3f,
bhop_wrath,39188346,39350030,85c65f8a3e618bd9cffc6be45d4c93a3dd52a769,
bhop_wristbreaker,22849608,4152908,02d90ab9a46312b876f319da1f0c246047730a1b,
bhop_wuyan,62588338,12274759,b6567e88d5fafe83f283f8553f29a608e461cbb2,
bhop_x,64776842,21796136,b4a215b1b6b56ed255c653e67451f3a7574514cf,
bhop_xboner,41463540,13588342,d574ee63ac4a3a78337fc130ef0f94567875b205,
bhop_xc_desert,8792745,3715095,c1e58e68039697a6e57eff46bad040fad0392c82,
bhop_XDDDM3M3S (1),3039790,1093465,67854e6ab98b8d8487cea2bf8c0202a084ac7d3c,
bhop_xdddm3m3s,3039790,1093465,67854e6ab98b8d8487cea2bf8c0202a084ac7d3c,
bhop_xl_matans,28168106,8374577,aacd7e4ed769b2900c821fddc1091c3dcd0c3fcb,
bhop_xmas,108414390,47602440,f14a602fedb306a3441170d5a7335b06a7e45215,
bhop_xof,4440787,1423641,1fa2592d380426fafda96c555275ceba90dd0ed9,
bhop_xtreme_final,10244888,2065824,e44cf3762fab20d1ce2aad075380447f3d9749fa,
bhop_xyz,58645175,16778075,6d3e142cd40ad9c7946bdc40ab5e2b7a4eb11267,
bhop_y,37810624,10408419,acad0117b89069543ce4934d1cb4928299c1f4ae,
bhop_yayaya_emmm,28509128,5466046,4168cc9467f281ac9e8772ae24712e4cc5442279,
bhop_yesyes,16176957,5855354,812fc8f418b0dd77492a2ff301dcaaef3b5c15c4,
bhop_ytt_dust,10229222,3366400,23c4947a755cea4886a33af0a7136904d3b26efe,
bhop_ytt_space,57696835,36931345,1bbe875faa13e22b20af7c4a2748f442955337b3,
bhop_yuka,8086855,2256046,ce12231436c05fc8deb0a50896ca5cc8ad9b2b9e,
bhop_yuna_zadrot,8865493,3307626,544a29552d3edbeb79b9d27af88c8c8403ce9019,
bhop_z,26088585,6418080,a6e26a13d13b6ed7487dad960de04145ac900c6b,
bhop_zadrofun,12404664,7472270,b5984eec5d91945e215da7eee54fd05891ff28ba,
bhop_zalupa_2,6406866,1617141,7c68318ec0eaee544d5d42ed04a600df7b9f32de,
bhop_zegypt,19900590,10253176,7eb7f8aff89792df18ad5e7ee4f69893761fb9ee,
bhop_zelda_final,267163735,169971160,a2cf3033a41fb49c6636e689745724aa60b5d7e7,
bhop_zelda_stone_tower_a2,7108932,5339117,ba39cb286ec3f559fead35cb509d6542b2f50b88,
bhop_zentic,7060907,2208653,790359da8f9457d9a69c604e409530527f7adbb4,
bhop_zero,19775896,4549608,62b5fbfcb6acc37dc817ae8a25b81996beae58db,
bhop_zeus,25242227,9561507,d834dd3096bbb59209c92f2393d27d17dcedc5f5,
bhop_zhopavqaqe,5749775,857133,e17973ca771c84f5a387f39e6387476d98bf99e5,
bhop_zig_remake2,48024387,25042329,974a3e883170bd6f833e90594a2920a682953653,
bhop_zion_v2,92084312,67482811,059b6c0f37d295e85d3ffeba39aa1ddd1c971f81,
bhop_zjebananazwa,8020227,1299122,1a094147ac2269acdd9278434294641a37fac161,
bhop_zunron,32434427,10811666,1650258b66cbfa864dbf720292b19ac2ed0a680c,
bhop_zygos,15239927,6301625,bd8016eef1189a9d10ea9af6e6eada5375f417ff,
bhop_zypie,52790442,18014394,e9dc5649fd0d0de08ecfb46d387ec900e02bde72,
bhop_zzzz,55653124,16488050,a5631f648569cf6ac29802666765a3cc645419e4,
bkzs_world,219338151,116054934,e68955f56cc6fbe03205d94d89f0c30dafa04cc9,
breakfloor_redefined,4338456,1019062,b01ad5381258bc46dd8ce07ea3c22a5809ee5909,
breakship_b12,12404244,5524206,ed9451d432601e539ce4c12b7655173d88bc4afe,
buses_from_hell_fixed,2531380,716448,6dc45740b903c98f455167d364d98be4e48f9472,
bhop_Global,3130464,1101592,191f342b519be52e4f455012be5444d3e4a6d954,bhop_global
